0 0.3279202545554214 0.7665517248165516 0.3269248063147735 0.6736016529559129 0.2267181429844624 0.674674815619659 0.22771359122511034 0.7676248874802977
0 0.42185589902336507 0.6528734586143025 0.344839363232625 0.6456672277096834 0.3355095940583717 0.7453790619596308 0.41252612984911174 0.7525852928642498
0 0.3743447089300594 0.6446834813940303 0.3371538085209416 0.6237635997271168 0.29726446549913643 0.6946779866882729 0.3344553659082542 0.7155978683551864
0 0.4116002072679167 0.6513538945920307 0.3813978554012463 0.6116677144463593 0.35557524336664753 0.6313194826922012 0.3857775952333179 0.6710056628378728
0 0.49982965338431634 0.7637296231025872 0.49837152300789855 0.6603845293288739 0.4092222566594315 0.6616423660442066 0.4106803870358493 0.7649874598179197
0 0.5130960843237939 0.6453864903987923 0.44454514381197513 0.6246234573186997 0.4286811736940013 0.6769997198639428 0.4972321142058201 0.6977627529440353
0 0.5223582596604617 0.676174098890517 0.49452318669707607 0.6135452434374693 0.4674881862633196 0.6255608104503925 0.4953232592267053 0.6881896659034402
0 0.5799591409914544 0.6325453042813804 0.5587353469785221 0.6098332561430042 0.5162762059870678 0.6495101737366238 0.5375 0.672222221875
0 0.6028363341453049 0.6675047472108867 0.5773573436205421 0.6234064960756531 0.5115001766627372 0.6614573051147665 0.5369791671874999 0.70555555625
0 0.6249046880625505 0.7628370294126854 0.6234938614605154 0.6588768148542866 0.5340777816390028 0.6600902654478406 0.5354886082410378 0.7640504800062393
0 0.6868910150847659 0.6346603600035914 0.6576469086301825 0.6056106966006908 0.6092975607329166 0.6542836694095995 0.6385416671875002 0.6833333328125001
0 0.7093648343187648 0.6446151653778809 0.6557644464797407 0.6213413116987054 0.6209101374486192 0.7016118379158961 0.6745105252876433 0.7248856915950717
0 0.7791666671875002 0.6537037031250001 0.6822916671875 0.653703703125 0.6822916671875001 0.7648148140625001 0.7791666671875002 0.7648148140625002
0 0.7807253862127753 0.6298927399751129 0.7201034797401379 0.6067986791293073 0.7014676152324589 0.6557178208412964 0.7620895217050964 0.6788118816871019
0 0.8513503707398546 0.6962082611921373 0.8179826989013199 0.6199392837107999 0.7527003653858676 0.6485002996511331 0.7860680372244024 0.7247692771324705
0 0.9360321472296805 0.7560311189244716 0.933579061969473 0.6477120566685166 0.822118385364883 0.6502362895890839 0.8245714706250904 0.758555351845039