0 0.32921651740748714 0.7654581360187089 0.3270111998730214 0.6593961292733069 0.22291082286972036 0.661560659191178 0.2251161404041861 0.7676226659365801
0 0.42996793364527186 0.6385826816990761 0.35783662384068915 0.6192617942644867 0.32672299101932173 0.735419351508274 0.3988543008239044 0.7547402389428634
0 0.3726459069312148 0.632029344769189 0.33195468292991975 0.6130090637390074 0.2941950390247213 0.6937905267424959 0.3348862630260164 0.7128108077726774
0 0.4081577301585927 0.6160902987743629 0.3618221350907374 0.6105986735503134 0.35835190493214475 0.6398787450884506 0.4046875000000001 0.6453703703125001
0 0.504543711993893 0.7616731496589166 0.5015494043616255 0.6471408656711646 0.4074404792071446 0.6496012293611498 0.4104347868394121 0.764133513348902
0 0.5179245836194433 0.6564697528900301 0.4574551391788869 0.6156528784028655 0.4266184069832158 0.6613369266712068 0.4870878514237721 0.7021538011583713
0 0.5206525872508718 0.6745180111620234 0.4951079726694932 0.6063990357519367 0.4622312599607299 0.618727802439812 0.48777587454210847 0.6868467778498986
0 0.5765625 0.6222222218749999 0.5578478898507652 0.6038000278691554 0.5140978898507651 0.6482444731816556 0.5328125 0.6666666671875
0 0.6010585459222446 0.6531068193176264 0.5768887760566662 0.6119528873502832 0.5109755519923121 0.6506638289438571 0.5351453218578904 0.6918177609112004
0 0.6239583328125 0.6518518515625 0.5328125 0.6518518515625 0.5328125000000001 0.7629629625 0.6239583328125001 0.7629629625
0 0.6791776009608556 0.6176836504149577 0.6501303629362216 0.5991820552162134 0.6094944291628661 0.6629798860512557 0.6385416671875002 0.68148148125
0 0.7079809605736169 0.6337823338664546 0.6616199170832157 0.6119331261505113 0.6213996951835983 0.6972749600935847 0.6677607386739995 0.719124167809528
0 0.7898768945980092 0.6432027897125275 0.6776325042901442 0.6397019876080164 0.6739218946570017 0.7586733271778485 0.7861662849648667 0.7621741292823596
0 0.7812911075557923 0.6235572439379808 0.7234054402249952 0.5964762282182229 0.7035219713699791 0.638977140127668 0.7614076387007762 0.6660581558474259
0 0.8525735283349295 0.7084558829824982 0.8312254901889521 0.612389706179197 0.7587990203489866 0.628484476392525 0.7801470584949641 0.7245506531958261
0 0.9372597569833172 0.7558550711111521 0.9316281349592286 0.6362711297498286 0.8188163168696233 0.6415838290311753 0.8244479388937119 0.7611677703924988