0 0.32910571178601306 0.7664979514266377 0.3279876215053488 0.663354019262498 0.2250442530599715 0.6644699354128969 0.22616234334063573 0.7676138675770365
0 0.43049959874393406 0.6548604670201114 0.3592278933041352 0.6312779196109142 0.3252164973993971 0.7340679256462037 0.396488202839196 0.7576504730554008
0 0.3729411304129542 0.6354826466896177 0.33440140660471396 0.6158547293994385 0.29533605552249753 0.6925601596762343 0.33387577933073775 0.7121880769664136
0 0.4101446571546285 0.6202294214047783 0.36260272129154814 0.6117775206392987 0.35714556413691967 0.6424740257970205 0.4046875 0.6509259265625001
0 0.5005208328125 0.6555555562500001 0.40989583281249997 0.6555555562500001 0.4098958328125001 0.7638888890625 0.5005208328125001 0.7638888890625
0 0.5153536463729391 0.6682721864994416 0.4618466614997404 0.6196984650117772 0.42256054014653016 0.6629745788567231 0.4760675250197289 0.7115483003443875
0 0.5220553301700745 0.6750337366973648 0.495308562836997 0.6089923350494338 0.4690884778022951 0.6196114693557488 0.49583524513537264 0.6856528710036798
0 0.5750000000000002 0.6222222218750002 0.5554974939506732 0.6048130555424602 0.5167607274480233 0.6482076678184793 0.5362632334973501 0.6656168341510192
0 0.6011717347177232 0.6583816317557659 0.5788316443498603 0.6152971722991575 0.5135934686555814 0.6491243749338459 0.5359335590234443 0.6922088343904542
0 0.6244791671875001 0.6537037031249999 0.5328125 0.6537037031249999 0.5328125000000001 0.7638888890625 0.6244791671875001 0.7638888890625
0 0.6796209780828 0.6217551391839674 0.6571619617042325 0.5999102366979681 0.6134784836214325 0.6448217647015007 0.6359375 0.6666666671875
0 0.7068833268595884 0.6363225462781704 0.6548173407614553 0.6146951369385192 0.6207277793257638 0.6967626006799159 0.6727937654238971 0.7183900100195671
0 0.7856312375350281 0.7617369269075983 0.7834768588447081 0.640553005605009 0.6782089461167453 0.6424244333119018 0.6803633248070653 0.7636083546144911
0 0.7799297289930217 0.6222684081697395 0.7211744997272903 0.5991335402405253 0.7033731838011377 0.6443432385051978 0.7621284130668691 0.6674781064344119
0 0.85436413198164 0.6995287777497612 0.8244021050808591 0.6129718298737689 0.7560676725238786 0.6366260616456094 0.7860296994246595 0.7231830095216017
0 0.9328693392759903 0.7552785278506692 0.9287908763530881 0.639424671197745 0.820364444844623 0.6432416626518547 0.8244429077675252 0.7590955193047788