0 0.32877131872576154 0.7654508201407826 0.3264920146169283 0.6539073578860883 0.2216790287036668 0.6560491299328056 0.22395833281250002 0.7675925921875
0 0.41770833281249997 0.622222221875 0.3411458328125001 0.622222221875 0.3411458328125001 0.7453703703125 0.4177083328125001 0.7453703703125
0 0.3701865323202963 0.6244597189335778 0.3242049458416934 0.6079437420911773 0.2917745518866771 0.6982321324423599 0.33775613836528007 0.7147481092847604
0 0.4057291671875 0.6074074078125 0.3625000000000001 0.6074074078125 0.3625000000000001 0.6388888890625 0.4057291671875 0.6388888890625
0 0.505504760606994 0.7633176807764052 0.500628201104213 0.6385082178721573 0.40749754230927737 0.6421470220828214 0.4123741018120583 0.7669564849870693
0 0.5017888575772395 0.6175534243586596 0.43407136590214723 0.6121118467652481 0.429732220588555 0.666110164643867 0.4974497122636471 0.6715517422372784
0 0.519363477915489 0.6730336538044734 0.49581327951118404 0.6012616422000342 0.4683453030014807 0.6102745747082307 0.4918955014057856 0.6820465863126699
0 0.5754335577658076 0.6120282779473841 0.5486078266043717 0.5978264207435972 0.511852478331084 0.667253192001461 0.53867820949252 0.6814550492052479
0 0.6035945570554786 0.6422470192265937 0.5789758374632068 0.6057036075301594 0.5169832666610837 0.647467023876161 0.5416019862533555 0.6840104355725952
0 0.6265625 0.6398148140625 0.5375 0.6398148140625 0.5375000000000001 0.7638888890625 0.6265625000000001 0.7638888890625
0 0.666013934704537 0.6088071451761293 0.6409779715309594 0.6006748648653311 0.6176723696389225 0.6724232759392018 0.6427083328125 0.6805555562500001
0 0.7095126209971327 0.6255152774749991 0.6639216749492143 0.6057884252831227 0.6225478519125799 0.701407924811593 0.6681387979604982 0.7211347770034694
0 0.7940871658134562 0.635945059074781 0.6769960742118756 0.6308679437726844 0.6714982313336189 0.7576620750391577 0.7885893229351993 0.7627391903412544
0 0.7834401712817426 0.6272703038496213 0.7326923116725222 0.5934383910999912 0.7084935897651625 0.6297364671551404 0.759241449374383 0.6635683799047707
0 0.8551416262167116 0.7100302239719161 0.8306504188162798 0.6053303108885583 0.7585585301469849 0.6221939103442982 0.7830497375474167 0.7268938234276561
0 0.944143720106624 0.7528483265492817 0.9154580705537028 0.6217459273761141 0.8060267971825535 0.6456898611092291 0.8347124467354747 0.7767922602823967