0 0.32925410876382566 0.7654409547009332 0.3269754568162965 0.6539294075950441 0.22167968086497086 0.6560810450816109 0.22395833281250002 0.7675925921875
0 0.42616055954232224 0.6384001029257533 0.3551242803028858 0.621121009113939 0.3267489230729844 0.7377752631885268 0.39778520231242087 0.7550543570003412
0 0.36933057822634296 0.6237083239453509 0.3221106576291432 0.6080840863327265 0.29180494073756896 0.6996747021913249 0.3390248613347687 0.7152989398039494
0 0.40770165599503383 0.6085566053429459 0.36409447590571187 0.6053264416341118 0.3618377668339966 0.6357919931572001 0.40544494692331856 0.6390221568660343
0 0.5041666671875 0.6425925921875 0.4088541671875 0.6425925921875 0.4088541671875001 0.7648148140625 0.5041666671875001 0.7648148140625
0 0.514241439728262 0.6314718054518276 0.4461181692659036 0.6090443910274985 0.43076779470807064 0.6556711531640815 0.498891065170429 0.6780985675884106
0 0.526488313565028 0.6646829347472681 0.4904101762277412 0.6005440159080604 0.4654843626627132 0.6145647842857924 0.5015625000000001 0.6787037031250002
0 0.5751636932997325 0.6113563385216694 0.5472273706562215 0.5974127693400835 0.5114877126974181 0.6690181526464188 0.5394240353409291 0.6829617218280047
0 0.6030980708721269 0.6422913814356075 0.5774808475107286 0.6078487125039237 0.5177240014255206 0.652293714038903 0.5433412247869188 0.6867363829705868
0 0.6306094233336799 0.7625502413739782 0.6208622563084844 0.6382738755096885 0.532284501880355 0.6452211511330402 0.5420316689055505 0.7694975169973299
0 0.666362300988764 0.6081440457024974 0.6414352926583143 0.5995502593031639 0.6186712143550268 0.6655794044475046 0.6435982226854765 0.6741731908468382
0 0.70810585979784 0.6248254152126365 0.6617242734934884 0.6061899561685367 0.623282561587285 0.7018671044612222 0.6696641478916368 0.7205025635053219
0 0.7891345374147185 0.7607008479979575 0.783722755848413 0.6292145957638737 0.6706774682006713 0.6338673742365661 0.6760892497669768 0.76535362647065
0 0.7832800345886913 0.62988212983697 0.7349204786994965 0.5936831658559615 0.7091802054142076 0.6280705639371923 0.7575397613034025 0.6642695279182008
0 0.8592774864225611 0.7002029496334905 0.8230118021135329 0.603494421877053 0.7563451307094244 0.6284944142785938 0.7926108150184527 0.7252029420350312
0 0.9392912902106103 0.7564647609754732 0.9365034140420765 0.632559028030539 0.8198957793500983 0.6351826971546412 0.8226836555186321 0.7590884300995754