0 0.33018054428293747 0.765297830540335 0.3268706802990097 0.6604165292803839 0.22178081959899276 0.6637329750226507 0.2250906835829206 0.7686142762826018
0 0.4259106879901581 0.6467867940711378 0.354317854496048 0.6293970583922504 0.328326541893392 0.736402233733384 0.39991937538750205 0.7537919694122714
0 0.3725577090140934 0.6323364400162117 0.3324461289718891 0.6133706389617469 0.294697198209633 0.6932074596385839 0.33480877825183736 0.7121732606930486
0 0.41011541228261816 0.6177997619710556 0.36313974092600254 0.6088520136079552 0.3575659496594056 0.6381144130547032 0.4045416210160212 0.6470621614178038
0 0.503125 0.64444444375 0.409375 0.64444444375 0.4093750000000001 0.7638888890625 0.5031250000000002 0.7638888890625
0 0.5132886899547717 0.6743762187556501 0.4705214252980272 0.6183536021171927 0.4183176572150201 0.6582055851135149 0.46108492187176464 0.7142282017519722
0 0.5763626634074523 0.6219178698996852 0.5578703633171418 0.6024142723919809 0.514443482467873 0.6435893895637544 0.5329357825581835 0.6630929870714588
0 0.6010140199519569 0.6535472867578502 0.5775035719674203 0.6120366521212508 0.5115105958153762 0.6494132050636486 0.5350210437999128 0.6909238397002481
0 0.6245490665861062 0.7627389036367234 0.6226830419988825 0.6493779878985171 0.5315618995331135 0.6508779254312176 0.5334279241203371 0.7642388411694239
0 0.6788531351069333 0.6177659914837057 0.6522132190338862 0.5986942333116505 0.611901751114453 0.6550023152654448 0.6385416671875002 0.6740740734375
0 0.7086631934801757 0.6317716078156922 0.6586940803048945 0.6116947320743374 0.6210794322366128 0.7053134121212914 0.671048545411894 0.725390287862646
0 0.78762061690678 0.7609065293567981 0.7818275096035772 0.6373201185664248 0.6738183051300601 0.6423830450422974 0.6796114124332628 0.7659694558326707
0 0.7814014439108493 0.6249204670653207 0.724272646234687 0.5967087147738283 0.70366651134559 0.638436137402657 0.7607953090217523 0.6666478896941493
0 0.8549307348446741 0.702181658446986 0.826573749814625 0.6097588855964401 0.7566850826909342 0.6312019977891608 0.7850420677209833 0.7236247706397066
0 0.9381725949705716 0.7554286603223765 0.9346675749581428 0.6361484274152944 0.820183093768328 0.63951252545487 0.8236881137807568 0.7587927583619521