0 0.3292667137756945 0.7654529936949492 0.32701906888785204 0.6548267033217933 0.22171068792465753 0.656966301814344 0.22395833281250002 0.7675925921875
0 0.42080792631260994 0.6349091631053783 0.34506154621844043 0.6299217479113834 0.33764452241336457 0.7425678145519223 0.413390902507534 0.7475552297459171
0 0.37099931587243606 0.6246229167773972 0.3238564316664627 0.6085227800557149 0.2928061054485526 0.6994413827205802 0.33994898965452597 0.7155415194422625
0 0.40747049454754763 0.6095575784884311 0.36366803497437894 0.6068723684852475 0.36180580919189215 0.6372499067250064 0.40560826876506084 0.6399351167281899
0 0.503125 0.64351851875 0.409375 0.64351851875 0.4093750000000001 0.765740740625 0.503125 0.765740740625
0 0.516350353706127 0.6360286415867202 0.447096157269187 0.6100583471394797 0.4298801287938142 0.6559678080552803 0.49913432523075424 0.6819381025025208
0 0.5289915217684286 0.6607721743288006 0.48804646622188275 0.601215739033961 0.46061744445345426 0.6200731943926605 0.5015625000000001 0.6796296296875002
0 0.5742247859632125 0.6134351891130316 0.5490911613190113 0.5990926318153719 0.5118455425432988 0.6643611458273403 0.5369791671875 0.6787037031250001
0 0.6026169062840556 0.6434598631303462 0.5813627911055906 0.6082397832279677 0.5180661610372334 0.6464371373966816 0.5393202762156983 0.6816572172990603
0 0.6265625 0.6416666671875 0.5364583328125 0.6416666671875 0.5364583328125001 0.7675925921875 0.6265625000000001 0.7675925921875
0 0.6773368870538444 0.6103072264813019 0.647920447891346 0.5953918490845748 0.6127710608375014 0.664714252290773 0.6421875 0.6796296296875001
0 0.7091479394989829 0.6250445039970653 0.6603759741925044 0.606949585822063 0.6237439087808929 0.705685474322954 0.6725158740873715 0.7237803924979562
0 0.7885416671875001 0.6333333328125 0.6739583328125 0.6333333328124999 0.6739583328125001 0.7620370375000001 0.7885416671875002 0.7620370375000002
0 0.7825864773133302 0.6231383183349005 0.7282871452750405 0.5929720261517808 0.7060534602711153 0.6329926636611674 0.7603527923094051 0.6631589558442872
0 0.8466558955513115 0.6250425571090448 0.7767348532657286 0.6073437920084078 0.750463840262596 0.7111305025858032 0.820384882548179 0.7288292676864403
0 0.9354528935742328 0.7549532153057534 0.9294979124712391 0.6310151168767761 0.8179542121372269 0.6363745716051192 0.8239091932402205 0.7603126700340965