0 0.3279316727278348 0.7665125654214406 0.32688827120282743 0.672606334851452 0.22665373248162438 0.6737200508415978 0.22769713400663175 0.7676262814115865
0 0.42810497333400876 0.659001879843031 0.35445230484333035 0.6411466868729546 0.3299654581667054 0.7421549259705686 0.40361812665738384 0.7600101189406452
0 0.37504665176781504 0.6436375651855331 0.3380339100661116 0.622156955639961 0.29678804426361644 0.6932267534486348 0.33380078596531987 0.7147073629942069
0 0.40949628890708895 0.6244303775446736 0.3606761774236909 0.6165402575307888 0.3553465557041021 0.6495172877986153 0.4041666671875002 0.6574074078125001
0 0.5020833328125001 0.6611111109375 0.41041666718750014 0.6611111109375 0.4104166671875002 0.7648148140625 0.5020833328125002 0.7648148140625
0 0.5139674675764645 0.6439825732246638 0.4450308446876997 0.6228315654915377 0.4278282243672833 0.6788993691957483 0.4967648472560481 0.7000503769288743
0 0.5235959444108645 0.6723611536895394 0.49227244569272843 0.6116125565867694 0.46775728572100556 0.624253187293847 0.49908078443914167 0.6850017843966171
0 0.5798460307779084 0.6302914490638315 0.5578038067723855 0.6091572143394048 0.5149369431819771 0.6538657652755734 0.5369791671875 0.675
0 0.6009611189275041 0.666572747790446 0.5804358563342926 0.6234696972683385 0.5167112732179209 0.653814737497814 0.5372365358111324 0.6969177880199215
0 0.6250000000000001 0.6638888890625 0.5354166671875 0.6638888890625 0.5354166671875001 0.7638888890625 0.6250000000000002 0.7638888890625
0 0.6807409757596287 0.6299992402861061 0.6561403966759212 0.6064454942233465 0.6139410881037926 0.6505203273747405 0.6385416671875 0.6740740734375
0 0.7110524529479852 0.6427719482926472 0.658234211373467 0.6176324980677872 0.6217995629247178 0.6941820664249208 0.674617804499236 0.7193215166497808
0 0.7776041671875001 0.6518518515625001 0.6807291671875 0.6518518515625 0.6807291671875001 0.7638888890625001 0.7776041671875003 0.7638888890625002
0 0.7833411835773416 0.6341088146813748 0.7245690885609463 0.6050855575203642 0.7011446709798055 0.6525200025292438 0.7599167659962008 0.6815432596902544
0 0.8542445478894397 0.6820729254429173 0.8087842212405084 0.6188237820256997 0.7458236447065667 0.6640767012052956 0.791283971355498 0.7273258446225133
0 0.9315022137123492 0.7557505675257421 0.9249602740025992 0.6462753261146771 0.8193544196359633 0.6525860418834513 0.8258963593457134 0.7620612832945163