0 0.3280771392236891 0.7665138151052093 0.32700308695271507 0.668036549637163 0.22562002500509779 0.669142294271781 0.2266940772760718 0.7676195597398273
0 0.4228339654375789 0.6491429017425885 0.3463044829787832 0.6399183655810537 0.33379515137102717 0.7436994833611533 0.410324633829823 0.752924019522688
0 0.3740543696755375 0.6395610928057422 0.3361813329373494 0.6185618468053625 0.29543069521420107 0.6920573618141146 0.33330373195238916 0.7130566078144944
0 0.4156134897158589 0.64191093783034 0.377975367304668 0.6080366280836971 0.35645430391062194 0.631948921042652 0.3940924263218128 0.6658232307892948
0 0.5005208328125 0.6574074078125001 0.4109375 0.6574074078125001 0.41093750000000007 0.7638888890625 0.5005208328125001 0.7638888890625
0 0.5158295275420068 0.6443619974670579 0.447488582411979 0.6187341454459093 0.4267480019600888 0.6740423651694298 0.49508894709011664 0.6996702171905784
0 0.5222007789714629 0.6748462838880862 0.4950537550981336 0.610497792909463 0.46863579362007 0.6216428721494399 0.49578281749339936 0.685991363128063
0 0.578424638764867 0.6284931014589141 0.5601519173764025 0.6073806989480545 0.5171779370053922 0.6445745507547784 0.5354506583938567 0.6656869532656381
0 0.6013019563026949 0.6603971228044301 0.577496362901524 0.6188156416203282 0.513173573786329 0.6556407406908982 0.5369791671875 0.697222221875
0 0.6244791671875001 0.6583333328125 0.534375 0.6583333328125 0.5343750000000002 0.7638888890625 0.6244791671875002 0.7638888890625
0 0.6789927208512361 0.6235805896194233 0.6574701421919109 0.602525892641434 0.6144149213406749 0.6465378952095107 0.6359375 0.6675925921875
0 0.7089004956840386 0.6395682614036785 0.6572317407571144 0.6175361214392693 0.6229569973729621 0.6979156632794961 0.6746257522998862 0.7199478032439054
0 0.7818898106427383 0.7644379053738272 0.7795264580408331 0.6461226497414596 0.67989912702246 0.648112710200905 0.6822624796243653 0.7664279658332726
0 0.7793661164172256 0.623483112749445 0.7185815265578064 0.602968313928326 0.7023310006958022 0.6511180207879878 0.7631155905552214 0.6716328196091068
0 0.8408895075384661 0.7203102235388205 0.8377170556756882 0.6239469018436117 0.7642068136304222 0.6263669896966164 0.7673792654932002 0.7227303113918252
0 0.9336888451692772 0.7560435396437162 0.9285749841473241 0.6424199716817289 0.8191924311178654 0.6473429571543046 0.8243062921398187 0.7609665251162919