0 0.3287902313876223 0.765450433675211 0.3265104925050212 0.6538856946759234 0.22167859392989886 0.6560278531882122 0.22395833281250002 0.7675925921875
0 0.42218861034960636 0.6353458114434576 0.34806603319486484 0.6265609123121907 0.33455305428309035 0.740576657628319 0.4086756314378318 0.7493615567595858
0 0.3690666650054125 0.62329388132182 0.32161513996601376 0.6080859437490705 0.2923752589453286 0.6993196787486312 0.3398267839847274 0.7145276163213806
0 0.40520833281249996 0.6074074078125 0.3630208328125001 0.6074074078125 0.3630208328125001 0.6379629625 0.40520833281249996 0.6379629625
0 0.5057626740657055 0.6428956059864825 0.41031456079380346 0.6408306249110634 0.4076576809445938 0.7636376432493441 0.5031057942164959 0.7657026243247633
0 0.5159496023846593 0.6587458988376138 0.4618248395449184 0.6120095973660796 0.4279051246758593 0.65129162151165 0.4820298875156002 0.6980279229831841
0 0.5267393635304886 0.6629681616481965 0.4874915451016283 0.6001716592266274 0.4618153053386564 0.6162193108838456 0.5010631237675167 0.6790158133054147
0 0.5750551472227905 0.6117070760556846 0.5475373485972113 0.5973834456768186 0.5109547126082875 0.6676640647453882 0.5384725112338667 0.6819876951242543
0 0.603630187946208 0.6424335937653918 0.5781224352221954 0.6063793658161744 0.5174548691536934 0.6493006364039873 0.5429626218777062 0.6853548643532048
0 0.6312558378825157 0.7633846173655812 0.6214471071691879 0.6383233200815897 0.5333520401062268 0.645232738173031 0.5431607708195545 0.7702940354570225
0 0.6652638344777396 0.6069610659802555 0.6371152031014343 0.6007886433721406 0.6198364263611003 0.6795865397536528 0.6479850577374056 0.6857589623617677
0 0.7083347784405297 0.6242907800864168 0.6635279056460076 0.6070316108499206 0.6260153457370828 0.7044187143080535 0.670822218531605 0.7216778835445498
0 0.7885416671875001 0.6324074078125002 0.675 0.6324074078125 0.675 0.7611111109375001 0.7885416671875002 0.7611111109375002
0 0.7838402777452776 0.6303425896579169 0.7363958314475 0.5947592593825002 0.713986109380278 0.6246388925404167 0.7614305556780556 0.6602222228158334
0 0.8448698651321157 0.6203467694036573 0.7729187719706678 0.6087832004468685 0.7567528625816416 0.7093710774972732 0.8287039557430896 0.720934646454062
0 0.9481649067938749 0.7551456947343784 0.9431464022004141 0.6309376880501731 0.8186892003432563 0.6359662611340118 0.8237077049367171 0.760174267818217