0 0.32743196263552293 0.7673785835943185 0.32636405521439393 0.6772739568834896 0.2271233659026602 0.6784501436395157 0.2281912733237892 0.7685547703503447
0 0.3739936276573596 0.6473297277420764 0.3385307282130296 0.6267584755655242 0.2983643243084607 0.6960015693005601 0.3338272237527907 0.7165728214771123
0 0.4171875 0.6537037031249999 0.3390625000000001 0.6537037031249999 0.3390625000000001 0.7490740734375 0.4171875000000001 0.7490740734375
0 0.4137954009459179 0.64802265621127 0.37775488941616586 0.6125452921660429 0.35428458770149424 0.6363881480917548 0.39032509923124625 0.6718655121369819
0 0.510350535404317 0.675307381645949 0.423128689468563 0.6620164355806741 0.40779908132535525 0.7626170033021642 0.4950209272611092 0.7759079493674391
0 0.5123217771228041 0.6489341240014505 0.4452890243178757 0.627387870485807 0.42767581655079534 0.682184487516946 0.49470856935572377 0.7037307410325895
0 0.5216709519630399 0.6774055089553572 0.49435138128603795 0.6159364288302787 0.4639980662372804 0.6294267809563961 0.4913176369142824 0.6908958610814747
0 0.580132416972811 0.6371846397157832 0.5609268792880246 0.61335423892065 0.517382925536096 0.6484474399086106 0.5365884632208824 0.6722778407037439
0 0.603536067220592 0.6706238550723069 0.5745666826613532 0.6240659158099495 0.508009782628261 0.6654790982376427 0.5369791671874999 0.7120370375
0 0.6242685728859005 0.7637083286480888 0.6228615892492095 0.6679454075300252 0.5346246557712466 0.6692418166214127 0.5360316394079376 0.7650047377394763
0 0.6847014498747594 0.6363431570512281 0.659880881592793 0.6073984406451769 0.6137210989055335 0.6469812101564489 0.6385416671874999 0.6759259265625002
0 0.7087938918320361 0.6482845277614381 0.6551377687673288 0.6245704369856571 0.621523033154985 0.7006280184403746 0.6751791562196923 0.7243421092161555
0 0.7770833328125001 0.6564814812500002 0.6822916671875 0.65648148125 0.6822916671875001 0.7657407406250001 0.7770833328125002 0.7657407406250002
0 0.7825292210469137 0.6386863015616925 0.7257174842215186 0.6089808196303591 0.7005125690285834 0.6571852221698459 0.7573243058539785 0.6868907041011793
0 0.8516463734539739 0.7029765877095535 0.8182606866926541 0.6238401462525618 0.7505024831421083 0.6524256388220966 0.7838881699034281 0.7315620802790883
0 0.9294099060246289 0.755263270238777 0.9260802440973468 0.6516274980357775 0.8215006953456218 0.6549874820880881 0.8248303572729039 0.7586232542910876