0 0.3286956679825729 0.7654523660050251 0.32639571208358753 0.6528982566118505 0.2216583769135147 0.6550384827943254 0.22395833281250002 0.7675925921875
0 0.3685976150739251 0.6242964634698838 0.3235903544643 0.6085146968907115 0.2927998580621087 0.6963246317874815 0.3378071186717338 0.7121063983666539
0 0.4271384807432149 0.6283687361425511 0.3562009802976726 0.6126048467851866 0.32803921483474807 0.7393327883981604 0.39897671528029033 0.7550966777555248
0 0.4073642291083952 0.6090092244803293 0.36467861590217454 0.6047933621063448 0.3620018867937794 0.6318952485635155 0.4046875 0.6361111109375001
0 0.5026041671875 0.6416666671875 0.409375 0.6416666671875 0.4093750000000001 0.7638888890625 0.5026041671875001 0.7638888890625
0 0.5101954303517173 0.6723939300362066 0.47473064541863375 0.6122112641090215 0.42390355809636304 0.642162940275051 0.4593683430294466 0.7023456062022362
0 0.5162834660340424 0.6736375061691585 0.49683399289117736 0.6044838282055214 0.4681160441799581 0.6125607517853596 0.48756551732282316 0.6817144297489967
0 0.574417084568088 0.6120700891319714 0.5491314027302729 0.5982475468117956 0.5116934853496851 0.6667330139298244 0.5369791671875002 0.6805555562500002
0 0.6011897387308457 0.6404564669301032 0.5766219325897992 0.6057308173440613 0.5212825860512397 0.6448824632870072 0.5458503921922861 0.679608112873049
0 0.6313255712498418 0.7608804864894811 0.6219068320254186 0.6372594818507481 0.5324196888840602 0.6440775470141095 0.5418384281084834 0.7676985516528425
0 0.6698673580430798 0.6100734252361668 0.6453605545183481 0.5989140774018578 0.6161023422782229 0.6631674073902978 0.6406091458029547 0.674326755224607
0 0.7091684639668199 0.6244577282529169 0.657665799326721 0.6045004456324529 0.6216587069901832 0.6974219739056576 0.6731613716302821 0.7173792565261217
0 0.7888094092801218 0.7617863236317148 0.7866653949739925 0.6303313162381528 0.672565464537596 0.6321922714656063 0.6747094788437253 0.7636472788591685
0 0.7829741381662456 0.6348658989339329 0.7378089080378767 0.5947190302178955 0.710222702148063 0.6257535137835912 0.7553879322764321 0.6659003824996285
0 0.8431784566323666 0.6189692646936298 0.7711731086271894 0.6108686644859669 0.7575194180331615 0.7322348247178924 0.8295247660383389 0.7403354249255554
0 0.934375 0.6342592593750002 0.8213541671875 0.6342592593750002 0.8213541671875 0.7601851859375002 0.934375 0.7601851859375002