0 0.3281250000000001 0.6564814812499999 0.2239583328125001 0.6564814812499999 0.2239583328125001 0.7675925921875 0.3281250000000001 0.7675925921875
0 0.42526088306621085 0.6384452878114402 0.351372306642873 0.6256098640552874 0.33155658415756006 0.7396813238727196 0.4054451605808979 0.7525167476288723
0 0.370824723478807 0.6256970546233369 0.3261596088611432 0.6094402667583917 0.2940716255625867 0.6976011915232507 0.3387367401802505 0.713857979388196
0 0.4057291671875 0.609259259375 0.3625000000000001 0.609259259375 0.3625000000000001 0.640740740625 0.4057291671875 0.640740740625
0 0.5045733791739166 0.7641454935196033 0.5021672825768322 0.6409833021475696 0.40967513877476625 0.642790228688743 0.41208123537185076 0.7659524200607766
0 0.5283955289742729 0.6629789439644627 0.4890591417718676 0.6008177360970229 0.46191016214744557 0.6179979488260596 0.5012465493498508 0.6801591566934992
0 0.5150537717341408 0.6366451604074802 0.45039022249422767 0.6090553859165361 0.430657936352662 0.6553029424868159 0.49532148559257505 0.6828927169777599
0 0.5739209817092366 0.6129258617573882 0.5486791101973104 0.5995053121507998 0.5117372956755739 0.6689868582059117 0.5369791671875002 0.6824074078125001
0 0.6033637598471205 0.6459435867775227 0.581112174876788 0.6055331192199882 0.5171130407972048 0.6407735471603978 0.5393646257675375 0.6811840147179323
0 0.6301643890736404 0.7610031255393064 0.6213804958847833 0.6374796095056893 0.5303656861033901 0.6439517728102565 0.5391495792922472 0.7674752888438736
0 0.6655608075504812 0.6078151277030339 0.6394730259935141 0.6002898058504245 0.6166205512555331 0.6795117156473909 0.6427083328125002 0.6870370375000003
0 0.7096350411987453 0.6265750086906501 0.6615237545659495 0.607244581111984 0.6243236208516529 0.6998315809920121 0.6724349074844489 0.7191620085706784
0 0.7880208328125 0.634259259375 0.6744791671875 0.634259259375 0.6744791671875001 0.7620370375000001 0.7880208328125001 0.7620370375000002
0 0.7826572269092281 0.6210652971899414 0.725620903400913 0.5928992111547468 0.7055457486627893 0.6335513989912949 0.7625820721711045 0.6617174850264895
0 0.8565302307028076 0.6908430631287141 0.8227784441624353 0.60417180546931 0.7565064916190947 0.629979632149829 0.7902582781594669 0.7166508898092332
0 0.9362940682558284 0.7547181602533095 0.9284990703343972 0.6301930682611363 0.816956979234569 0.6371753587727539 0.8247519771560002 0.761700450764927