0 0.3286753248510933 0.7665165034351167 0.3275597717929956 0.657959137284114 0.22284277975440236 0.6590352260364971 0.22395833281250002 0.7675925921874999
0 0.42484945491322545 0.6395272292482479 0.3504748287411889 0.6266546969784847 0.3312097914558844 0.7379637942297304 0.40558441762792097 0.7508363264994935
0 0.3717358038539509 0.6277708130833576 0.32939067146826095 0.6104478042113902 0.2938320427613249 0.6973688957594887 0.33617717514701484 0.7146919046314562
0 0.4160513005904988 0.6209434650180851 0.36841322505461144 0.6046569420109634 0.3592127093954819 0.6315684479074074 0.40685078493136917 0.647854970914529
0 0.506475442502472 0.7627319448635964 0.504920381459771 0.645519298478987 0.4095018337485186 0.6467852170541037 0.41105689479121954 0.7639978634387131
0 0.5143028846369575 0.6493500744568232 0.4581330151997043 0.6119034901511651 0.42602831087175386 0.6600605406234591 0.4821981803090071 0.6975071249291173
0 0.5202193896326784 0.6732536725254727 0.4961354109909724 0.6047481299061954 0.4669902461193237 0.614994476427072 0.4910742247610299 0.6835000190463493
0 0.5760416671874999 0.61851851875 0.553008042421016 0.6001839704963954 0.5129826532423646 0.6504677180270875 0.5360162780088485 0.6688022662806921
0 0.6004711998073147 0.6470773133914012 0.5764209083832516 0.6100355703909137 0.5125766459575827 0.6514880775548315 0.5366269373816458 0.688529820555319
0 0.6271992800438888 0.7627852564067494 0.6254773323987481 0.6455852734471621 0.5337352407729197 0.6469331838704073 0.5354571884180602 0.7641331668299947
0 0.6643557037910416 0.6114898809386101 0.6422650531762623 0.6028872717636115 0.6174588875727627 0.6665870547354849 0.639549538187542 0.6751896639104835
0 0.7093449711731294 0.6281103106180037 0.657286035184372 0.6089135775268014 0.6218993968237425 0.7048773403462979 0.6739583328125001 0.7240740734375002
0 0.7880208328125 0.6361111109375002 0.6739583328125 0.6361111109375001 0.6739583328125001 0.7611111109375001 0.7880208328125001 0.7611111109375002
0 0.7741004759115542 0.6097636643085432 0.7122312404779657 0.5998204039162991 0.704423280804481 0.6484033109546784 0.7662925162380694 0.6583465713469225
0 0.8588340190531805 0.7032505810070113 0.8239117387090916 0.6056899454759307 0.7569264787848426 0.6296676288239552 0.7918487591289317 0.7272282643550358
0 0.9416285018750028 0.7544336402176548 0.9337384991032284 0.6301660749263368 0.8175484894058084 0.6375432171147754 0.8254384921775827 0.7618107824060933