0 0.3281382863270648 0.7664531373808197 0.32617005911795116 0.6751150791863166 0.22629831012723728 0.6772671973468176 0.2282665373363509 0.7686052555413206
0 0.4251211993698826 0.6576869319337398 0.3509912196902101 0.6437875623074806 0.33214295144623984 0.7443116709176176 0.40627293112591245 0.7582110405438769
0 0.3750562947714777 0.6456536270054076 0.33871704433045113 0.6242394262350562 0.29731381530053874 0.694499452510157 0.33365306574156534 0.7159136532805084
0 0.4134476122197337 0.6504496128144619 0.3787788122774982 0.6139261014129167 0.3564839932985623 0.6350887604582456 0.39115279324079777 0.6716122718597908
0 0.5029470016538607 0.763689245279833 0.5014601460288961 0.6641627490299723 0.4101548645498222 0.6655267855074076 0.41164172017478695 0.7650532817572683
0 0.5144319572425762 0.6480803983347088 0.4462126255049572 0.6256959233629823 0.4283340815421071 0.6801828980687915 0.49655341327972613 0.702567373040518
0 0.5242597067530854 0.6718320685113509 0.4917423955298788 0.614023518838685 0.46760787615113114 0.6275991868377099 0.5001251873743378 0.6854077365103758
0 0.5812693338924364 0.6375117389147272 0.5600441723939712 0.6121027711156778 0.5162748385015348 0.6486651056384506 0.5374999999999999 0.6740740734375
0 0.6026620958596937 0.6686284015441079 0.5781014636806859 0.6249420069543742 0.5124185350084923 0.6618691616602665 0.5369791671874999 0.7055555562500001
0 0.6244791671875001 0.665740740625 0.5354166671875 0.665740740625 0.5354166671875001 0.7638888890625 0.6244791671875002 0.7638888890625
0 0.6831714770325533 0.6324263056574244 0.6584361220505878 0.6064963457058161 0.6138063122055347 0.649070040048392 0.6385416671875002 0.6750000000000003
0 0.7101911252393784 0.6464710804709707 0.6562788096691571 0.6219977266608815 0.6205751754508222 0.7006492106348151 0.6744874910210436 0.7251225644449042
0 0.7776041671875001 0.6555555562500002 0.6822916671875 0.6555555562500002 0.6822916671875001 0.7648148140625001 0.7776041671875003 0.7648148140625002
0 0.778836805625 0.6288252315625001 0.7179861115624998 0.6085416668750001 0.7013541670312498 0.6584375004687502 0.76220486109375 0.6787210651562502
0 0.8502004168831288 0.7005816358491673 0.8210739588279964 0.6219402000833278 0.753066571465232 0.6471281216436452 0.7821930295203644 0.7257695574094847
0 0.9305522927163279 0.7546705288553832 0.9231793482301768 0.6476706733376132 0.8187429270809572 0.6548669815170912 0.8261158715671083 0.7618668370348612