0 0.32875900607962694 0.7654493973501678 0.32644591972844716 0.652903273291353 0.22200688266502921 0.6550497400238324 0.224319969016209 0.7675958640826472
0 0.4238309569150636 0.6362801907015065 0.35133153701700176 0.6235361501956823 0.3307359102430866 0.7407023654837955 0.4032353301411484 0.7534464059896198
0 0.368874101132376 0.6240025806215073 0.32288761019727313 0.6079894279074665 0.29165400305306105 0.6976859428572342 0.3376404939881639 0.713699095571275
0 0.40724143154624703 0.6088159625538253 0.36499165433021047 0.6048627677465578 0.3624377227839636 0.6321579161302324 0.4046875000000001 0.6361111109375
0 0.5056204372432471 0.643675056234595 0.41119238380521167 0.6404467498815728 0.40698650203373044 0.763468912353759 0.5014145554717658 0.7666972187067812
0 0.5048934636070619 0.679375696327942 0.46882054423123165 0.6131644543809116 0.4249483712577378 0.6370666998603335 0.4610212906335681 0.703277941807364
0 0.5264326589773057 0.657066428898508 0.46440539748071563 0.5961152701410747 0.4425857588159099 0.6183201381175667 0.5046130203125 0.6792712968750001
0 0.5819443629072126 0.6180303722226649 0.5579031146656993 0.5974601758382094 0.5103445751959869 0.6530438286155448 0.5343858234375002 0.6736140250000002
0 0.6137153602001949 0.6527205807490943 0.5743548716089795 0.6059896596127364 0.5037392609037028 0.6654677283504884 0.5430997494949183 0.7121986494868462
0 0.6400380355112372 0.7643220789520554 0.6112447661818214 0.6397241145398984 0.5204256581150986 0.6607114480903278 0.5492189274445144 0.7853094125024848
0 0.8085902691985016 0.7302802968644346 0.7239125976870049 0.6157137482681891 0.6312730611834153 0.6841848712717615 0.715950732694912 0.798751419868007
0 0.7172609810731914 0.6264362129328414 0.6667340749194005 0.6018957751794571 0.6189673641587091 0.7002438216216158 0.6694942703125 0.724784259375
0 0.6772322921875 0.60518148125 0.6457104145619701 0.591044544805716 0.60821041456197 0.674660285430716 0.6397322921875 0.688797221875
0 0.7738661554257077 0.6494557345166918 0.7424527639278641 0.6026550010334294 0.7099285280522982 0.6244857818499897 0.7413419195501418 0.6712865153332521
0 0.8425822819695542 0.628876743969496 0.7735325057268154 0.6169681282078512 0.7560474876943195 0.7183515809037281 0.8250972639370584 0.7302601966653729
0 0.9493943918000081 0.7602429487198015 0.9166535457778 0.6221537665166367 0.8062511612643855 0.6483300926717167 0.8389920072865934 0.7864192748748814