0 0.32972854405561014 0.7663022181898717 0.32741846281535203 0.6603994154341855 0.22233232244801043 0.6626916826372902 0.22464240368826854 0.7685944853929764
0 0.4247114323402356 0.6451429800001967 0.35009914740808146 0.6323887428549557 0.3317899457893959 0.7394975689256208 0.4064022307215501 0.7522518060708617
0 0.37271380181483066 0.6319372906858106 0.3316782936393951 0.6130224855200621 0.2940394681746721 0.6946795957327703 0.33507497635010763 0.7135944008985188
0 0.4110192869401166 0.641268113091465 0.38217396158299016 0.6049443703162443 0.35803050383568624 0.6241171163153736 0.38687582919281266 0.6604408590905944
0 0.5026041671875001 0.6490740734375 0.40989583281249997 0.6490740734375 0.4098958328125001 0.7638888890625 0.5026041671875002 0.7638888890625
0 0.5014140701189601 0.6847917279159 0.49393234092159 0.6182875008045337 0.4217212626817924 0.6264112510668374 0.42920299187916244 0.6929154781782038
0 0.5257171208559299 0.6660896662753033 0.49155693034311687 0.6053604785505069 0.4618833482724175 0.6220518794190022 0.49604353878523055 0.6827810671437986
0 0.5765625000000002 0.6222222218750002 0.5545215690803732 0.6012833380386022 0.5138863792096718 0.6440572232105126 0.5359273101292988 0.6649961070469104
0 0.6017505975367493 0.6524299744274232 0.5756433276711697 0.6109438910580932 0.5089030342046934 0.6529436825767452 0.5350103040702731 0.6944297659460752
0 0.6731252216670518 0.616125627467252 0.651819442194151 0.6003565465867841 0.6147484663249099 0.6504435518283882 0.6360542457978106 0.6662126327088561
0 0.6274873596280157 0.7610608464882527 0.6187739745610253 0.6458807708624048 0.5285467261077798 0.6527064718791501 0.5372601111747701 0.7678865475049979
0 0.7084069019079633 0.6300113969509694 0.6537580295863562 0.6110669837458081 0.6200934025981318 0.7081791973631065 0.6747422749197389 0.7271236105682679
0 0.7885396632517835 0.7605556267308964 0.7841567275449954 0.6372855382511295 0.6738525009064306 0.6412074656181498 0.6782354366132186 0.7644775540979165
0 0.7810191130906905 0.6225825649181266 0.7224817392476621 0.5965659616383961 0.7035814012826815 0.6390917340199749 0.76211877512571 0.6651083372997053
0 0.851992328478706 0.6423920420535654 0.78979611627062 0.6066778122511088 0.7429047892810456 0.6883389019706387 0.8051010014891318 0.7240531317730954
0 0.9385815326012589 0.7541157734061776 0.9307621818178069 0.6346263327166038 0.8165352262781191 0.6421013081549025 0.8243545770615711 0.7615907488444762