0 0.32913450052928406 0.7664772365061485 0.3279854710538035 0.6624181499275201 0.22500534367682312 0.6635552654417476 0.2261543731523037 0.7676143520203759
0 0.42241776982541623 0.6430577236512993 0.3448309799442111 0.6353948255552868 0.33447122413905206 0.7402872809689555 0.41205801402025716 0.747950179064968
0 0.37264133279254263 0.6347082155000588 0.33413511808182356 0.616056768059785 0.29616280601035616 0.6944512200919158 0.33466902072107524 0.7131026675321896
0 0.4110600495696367 0.6203976039586938 0.3629779419490342 0.6097126898185012 0.3565808821039505 0.638499455523032 0.40466298972455306 0.6491843696632246
0 0.5020833328125 0.652777778125 0.409375 0.652777778125 0.4093750000000001 0.7638888890625 0.5020833328125001 0.7638888890625
0 0.5045703601880581 0.6266659325504604 0.43356722400189146 0.6216735287497157 0.4294920741392759 0.6796312645865425 0.5004952103254425 0.6846236683872873
0 0.5221287222647872 0.6742890251858034 0.494913013581724 0.607089743646891 0.46416481868323656 0.6195427624251156 0.4913805273662997 0.686742043964028
0 0.5764042535927185 0.6231332495623649 0.5582731076524563 0.6044355051521138 0.5154385712797778 0.6459720249170703 0.53356971722004 0.6646697693273215
0 0.6005902700965048 0.6573112050452203 0.5773549294043095 0.6146418934235655 0.512580867123691 0.6499142554071092 0.5358162078158861 0.6925835670287641
0 0.6244791671875001 0.6537037031249999 0.5333333328125 0.6537037031249999 0.5333333328125001 0.7648148140625 0.6244791671875001 0.7648148140625
0 0.6814309514628196 0.6221706731613439 0.6580872861047304 0.5991917522154292 0.6115521674544108 0.6464655228040853 0.6348958328125 0.66944444375
0 0.7080622792117073 0.6371924693675066 0.659155435137629 0.6147258872348058 0.6221075668701586 0.6953743056694416 0.6710144109442367 0.7178408878021424
0 0.7854166671875001 0.6435185187500002 0.6776041671875 0.6435185187500001 0.6776041671875002 0.7638888890625001 0.7854166671875003 0.7638888890625002
0 0.7814467600416666 0.6261111149513894 0.7247337987395835 0.5977546289835072 0.702569443375 0.6420833314010415 0.7592824046770831 0.6704398173689238
0 0.8451139518153402 0.6285971261257509 0.7727146235986921 0.6178713044158338 0.7556117227389849 0.7333159357258879 0.828011050955633 0.744041757435805
0 0.936191840454782 0.7558444359907132 0.930799473339239 0.6390660174223035 0.8181393589669538 0.6442682174813713 0.8235317260824969 0.761046636049781