0 0.32972918911610555 0.7663199465619734 0.32742108611715665 0.6585603696628033 0.2217111327866884 0.6608245717627159 0.2240192357856373 0.7685841486618861
0 0.42629061530672663 0.6441450905187853 0.3525008293980112 0.6296506668396269 0.3312996075103933 0.7375841493098543 0.40508939341910877 0.7520785729890127
0 0.37228373958999106 0.6301631465765756 0.33044935906964745 0.6118266483682102 0.29382216390388477 0.6953909147044274 0.3356565444242283 0.7137274129127926
0 0.4104501285778651 0.6169819160780754 0.36411834812776733 0.6078299634499386 0.3584462558383126 0.6365449432281077 0.40477803628841036 0.6456968958562446
0 0.5046875000000001 0.6490740734375 0.409375 0.6490740734375 0.4093750000000001 0.7648148140625 0.5046875000000002 0.7648148140625
0 0.5082005654733773 0.6324754787010725 0.44120709794439844 0.615727127405809 0.42907135289197773 0.6642701527923877 0.49606482042095673 0.6810185040876511
0 0.5292986134849992 0.6589722146753114 0.4873333291274994 0.6030185179356257 0.4585555484550003 0.6246018595103143 0.5005208328125 0.6805555562500001
0 0.5770833328125 0.6222222218750002 0.5592820716028923 0.6014631299989092 0.5150112387903925 0.6394260940614093 0.5328125 0.6601851859375002
0 0.6005146623248956 0.6531054170484923 0.5767703706057159 0.6120095273369509 0.511335500332625 0.6498163410907509 0.5350797920518048 0.6909122308022924
0 0.6288360480658977 0.7607486569801376 0.6185456541692463 0.6469111285534092 0.5271053436928937 0.6551769159948451 0.5373957375895451 0.7690144444215736
0 0.6806914829482044 0.6198134909344255 0.6548051981427421 0.5978291832920994 0.6113662873758969 0.6489780315544247 0.6372525721813593 0.6709623391967507
0 0.708441614428308 0.6327887632315592 0.659477372991218 0.609672831664431 0.6195829970854346 0.6941772284766541 0.6685472385225245 0.7172931600437824
0 0.7880401923974166 0.7610111941445441 0.7851252273101971 0.6366392279945128 0.6746390436551202 0.6392287453748697 0.6775540087423397 0.7636007115249012
0 0.7796119873692742 0.6193716680240688 0.7202705577527391 0.5960059837425847 0.7033253070505641 0.6390415477673246 0.7626667366670992 0.6624072320488087
0 0.8500984329216752 0.633730888190791 0.7812717887579146 0.6084476303286914 0.7473566503140172 0.7007721708675094 0.8161832944777778 0.726055428729609
0 0.940333693227285 0.7560842688236364 0.9327521945317887 0.6324111031378902 0.8172009125352879 0.6394947084524453 0.8247824112307842 0.7631678741381915