0 0.32911978675302356 0.7664633713823764 0.32797682862321553 0.6642399514242455 0.2250024841351627 0.6653913056270542 0.22614544226497074 0.7676147255851851
0 0.42617421188538473 0.6492107272011312 0.3525773261311637 0.6338179178049523 0.33053064532630816 0.7392286330742219 0.4041275310805291 0.7546214424704006
0 0.3736789721161028 0.6359531609775789 0.3339104661519604 0.6157888483739187 0.29475944808457094 0.6930033572995834 0.3345279540487134 0.7131676699032438
0 0.4109507931840133 0.6218603270889386 0.3642267877421138 0.6117918561090009 0.3579634945581006 0.6408574555825626 0.4046875000000001 0.6509259265625003
0 0.5014937602920112 0.7636866307600864 0.4998963138838275 0.653163196870438 0.408595575612318 0.6544828087507742 0.41019302202050173 0.7650062426404226
0 0.5179895140095792 0.6618845029378052 0.458823174844931 0.6193630695827327 0.4250821205311821 0.6663119728953235 0.4842484596958304 0.708833406250396
0 0.5221605980478187 0.6748663255974265 0.4952284155383646 0.6093471023488783 0.4682041232657436 0.6204556463087793 0.49513630577519774 0.6859748695573274
0 0.5759686430950157 0.6227851980051067 0.5558492470285314 0.6045234170947974 0.5161247591885508 0.6482887381396695 0.536244155255035 0.6665505190499788
0 0.6017647154555968 0.6586758709007736 0.5785115338004369 0.615439486311804 0.5131624449559079 0.650585214807537 0.5364156266110679 0.6938215993965067
0 0.6239583328125 0.6546296296875 0.5333333328125 0.6546296296875 0.5333333328125001 0.7648148140625 0.6239583328125001 0.7648148140625
0 0.6791666671875 0.6222222218750002 0.6571842648595715 0.6003256882186192 0.6129134304845716 0.6447701335311192 0.6348958328125 0.6666666671875002
0 0.7073030266489198 0.6357468739048464 0.6571850762047902 0.6150732185537613 0.6229850073521312 0.6979824731986303 0.6731029577962608 0.7186561285497154
0 0.7898057157966386 0.7583812208008838 0.7688353593081517 0.6316270542826279 0.6692032976409937 0.6481102982519082 0.6901736541294807 0.7748644647701642
0 0.7798598184489816 0.6224459587853617 0.7209693124536745 0.5992578256521524 0.7033438213012461 0.6440209847395806 0.762234327296553 0.66720911787279
0 0.8539097509031495 0.7070920048901845 0.8290965361402461 0.6146239930574964 0.757578845075041 0.6338153197939124 0.7823920598379442 0.7262833316266005
0 0.9362370035366705 0.7554015231525929 0.9262903137761166 0.6375148282205929 0.8178177528526429 0.6466672004341063 0.8277644426131967 0.7645538953661063