0 0.32872289465144405 0.766516014600152 0.3275789647077783 0.6551972199949139 0.22281440286883428 0.6562737975822618 0.22395833281250002 0.7675925921874999
0 0.42441490684576805 0.6376106424321928 0.3509358892572938 0.625454186619244 0.3319957654899312 0.7399367059360593 0.40547478307840545 0.7520931617490081
0 0.37103847946060914 0.6248762042724121 0.3241924987987376 0.6082500645159179 0.2920928713789269 0.6986943015658542 0.33893885204079843 0.7153204413223484
0 0.4132083092232318 0.6300247221088816 0.37913339154650244 0.6012740058268415 0.35925407549875954 0.6248346730168854 0.393328993175489 0.6535853892989255
0 0.5036458328125 0.640109259375 0.409375 0.640109259375 0.4093750000000001 0.7638888890625 0.5036458328125001 0.7638888890625
0 0.5179407053242302 0.6557362876359096 0.4598277221502577 0.6105373037495379 0.4243509615770618 0.6561502846838019 0.4824639447510344 0.7013492685701737
0 0.5268839663967867 0.6653863026137874 0.49013971177741655 0.6000631934972007 0.46442260187671797 0.6145290700766372 0.501166856496088 0.6798521791932237
0 0.5746878307963053 0.6123970203808488 0.5483680230890214 0.5987860715314939 0.5124433620673612 0.6682544223793683 0.538763169774645 0.681865371228723
0 0.6036704271043063 0.6455071274984793 0.5835286949843963 0.6085189096018928 0.5205323865336233 0.6428232054429691 0.5406741186535334 0.6798114233395556
0 0.6385687940391213 0.6485993232329283 0.5476468177294375 0.6337511776088036 0.5270888475262516 0.7596370173026364 0.6180108238359354 0.7744851629267612
0 0.6643095363320843 0.608719533898788 0.639433145470107 0.6013343552249883 0.6178319419505225 0.6740963025762003 0.6427083328124998 0.68148148125
0 0.709950328175062 0.6251748559108355 0.6633840270709495 0.6062071166791201 0.6260898522569318 0.6977653014792964 0.6726561533610442 0.7167330407110117
0 0.7887564674042246 0.7609694080361895 0.7867336276114252 0.631507922242854 0.6726411118638433 0.633290621394656 0.6746639516566428 0.7627521071879915
0 0.7791484975986898 0.6143364694171343 0.7211029979142766 0.5935588202773865 0.7052459968837395 0.637857746595908 0.7632914965681528 0.6586353957356558
0 0.8556730795732678 0.705356122547903 0.8279666267846139 0.6068443088814293 0.7582230377515472 0.6264596969748633 0.7859294905402011 0.724971510641337
0 0.9382010936607514 0.7553282659753849 0.9316389441302005 0.6298271570341234 0.8178391573704722 0.635777472721068 0.8244013069010231 0.7612785816623295