0 0.3291129193793671 0.6602738755860633 0.22600680488137392 0.658340637896631 0.2239583328125001 0.7675925921875001 0.3270644473104933 0.7695258298769324
0 0.4258092292980532 0.6421483492225923 0.3517783643836997 0.6285068865388732 0.33142323882283875 0.7389721339722941 0.40545410373719226 0.7526135966560131
0 0.37322865079509027 0.6301773939926365 0.33072144887447663 0.6114123473467172 0.29346145289933134 0.6958149178471842 0.335968654819945 0.7145799644931035
0 0.4078655877153448 0.611203790227449 0.3631038297416712 0.6074144324498926 0.3604465748388265 0.6388032344099438 0.40520833281250007 0.6425925921875001
0 0.5057291671875 0.647222221875 0.4114583328125 0.647222221875 0.41145833281250005 0.7648148140625 0.5057291671875002 0.7648148140625
0 0.5165181360772849 0.6414014620364863 0.4494231463643482 0.6130957588285748 0.4316903067980459 0.6551291497513504 0.4987852965109827 0.683434852959262
0 0.5304241202095052 0.6574168780899308 0.48691286573133724 0.6021644828671326 0.4575304127093321 0.6253031610272021 0.5010416671875 0.6805555562500001
0 0.5763700685487627 0.6193389081922716 0.5570777925139653 0.6007019397976238 0.5140410567777025 0.6452519206678523 0.5333333328125001 0.6638888890625001
0 0.6012213837164366 0.651771164135343 0.5778781776127321 0.6113694610693077 0.511335500332625 0.6498163410907509 0.5346787064363296 0.6902180441567862
0 0.6255208328124999 0.6490740734375 0.5338541671875001 0.6490740734375 0.5338541671875002 0.7638888890625 0.6255208328125 0.7638888890625
0 0.6795239500758282 0.6172818052323137 0.6519875800632962 0.5977298544113733 0.611005297174968 0.6554480491790597 0.6385416671875002 0.6750000000000002
0 0.7080944340232322 0.6286024973541312 0.6535007318661729 0.6087319953614847 0.6191257319295792 0.7031764391345627 0.6737194340866386 0.7230469411272091
0 0.7880208328125 0.6370370375000001 0.6760416671875 0.6370370375000001 0.6760416671875001 0.7611111109375001 0.7880208328125001 0.7611111109375002
0 0.7805064128737739 0.6204826946904002 0.7229472139285977 0.5953005471754516 0.7048495380655739 0.6366666667578553 0.76240873701075 0.6618488142728041
0 0.8600597111856743 0.6981856404798717 0.8229101552729652 0.6057245453359762 0.7554518522029942 0.632828334208196 0.7926014081157033 0.7252894293520915
0 0.9401041671874999 0.6361111109375002 0.821875 0.6361111109375002 0.821875 0.7611111109375002 0.9401041671874999 0.7611111109375002