0 0.32872289465144405 0.766516014600152 0.3275689557958906 0.6542232267772196 0.22280439395694657 0.6552998043645675 0.22395833281250002 0.7675925921874999
0 0.3705872868795299 0.6243043278140268 0.3237442511377808 0.6083065946968568 0.29286831176782335 0.6987145744321039 0.33971134750957244 0.714712307549274
0 0.42438076759132726 0.6378628824112377 0.3509338398210733 0.6259926770557271 0.33246578249746706 0.7402638317391735 0.4059127102677209 0.7521340370946841
0 0.4057291671875 0.6074074078125 0.3630208328125001 0.6074074078125 0.3630208328125001 0.6398148140625 0.4057291671875 0.6398148140625
0 0.5050024432343894 0.764091948486979 0.5026495995591668 0.6410086906436294 0.4076196234011311 0.6428252714059338 0.4099724670763537 0.7659085292492834
0 0.4908073418573068 0.6483412232950385 0.47971065196660545 0.6117815910113102 0.4218855985353519 0.6293328256862128 0.43298228842605335 0.6658924579699411
0 0.5172869498208177 0.6744276871442596 0.497075322969457 0.6025641031101528 0.46763339033078266 0.610844644141802 0.48784501718214324 0.6827082281759087
0 0.5741923873431509 0.6135111355618268 0.5492634766159308 0.5990761969041755 0.5120502564602798 0.6633428394673487 0.5369791671875 0.6777777781250002
0 0.6040725623948052 0.6451574535902148 0.5820398701314619 0.6066727175307366 0.5185923077366567 0.6429967451905219 0.540625 0.6814814812500001
0 0.628125 0.640740740625 0.5364583328125 0.640740740625 0.5364583328125001 0.7620370375000001 0.6281250000000002 0.7620370375000001
0 0.6652660589146878 0.6083229867148309 0.638237890482461 0.6011436291087943 0.6174505093268772 0.6794020012318931 0.644478677759104 0.6865813588379297
0 0.7084861165055049 0.6241627028583572 0.6583867637088068 0.6062560985739996 0.6206877925288186 0.7117308176902678 0.6707871453255168 0.7296374219746253
0 0.7885416671875001 0.634259259375 0.6739583328125 0.634259259375 0.6739583328125001 0.7620370375000001 0.7885416671875002 0.7620370375000002
0 0.7824995183793528 0.6219627013836246 0.7278931161700662 0.5928392928787094 0.7064782796578919 0.6329921196205568 0.7610846818671785 0.662115528125472
0 0.8458790660887493 0.6230504761253439 0.7751913967204046 0.6079031159691592 0.7524703568033912 0.7139346185411121 0.8231580261717358 0.729081978697297
0 0.9338182287279391 0.7551319919195396 0.9298037733358442 0.6320638257052884 0.8187957953208024 0.6356848805208143 0.8228102507128974 0.7587530467350654