0 0.3275836621103399 0.7665145906189992 0.32573059912480196 0.6779150022581067 0.22637031764695573 0.6799931254553528 0.22822338063249364 0.7685927138162453
0 0.4171875 0.6546296296875 0.33854166718750006 0.6546296296875 0.33854166718750006 0.7490740734375 0.4171875000000001 0.7490740734375
0 0.37375356047491376 0.6485933045446691 0.33802439361193304 0.6281766384494167 0.29872240014453905 0.6969551293202073 0.33445156700751977 0.7173717954154598
0 0.41208610143916546 0.6541292704709992 0.37972800892257075 0.6150119353790633 0.35482558229547445 0.635611370969281 0.38718367481206917 0.6747287060612168
0 0.5015625000000001 0.66944444375 0.41354166718750013 0.66944444375 0.4135416671875002 0.7629629625 0.5015625000000001 0.7629629625
0 0.5170310671016101 0.6590479825608456 0.453302540037625 0.6276816043428017 0.4261172349498933 0.6829152509877167 0.4898457620138784 0.7142816292057607
0 0.5178456924185076 0.6790944148870948 0.49707615790209464 0.620016628741277 0.46787305082664277 0.6302833462329079 0.48864258534305594 0.6893611323787256
0 0.6239583328125 0.665740740625 0.5359375 0.665740740625 0.5359375000000001 0.7648148140625 0.6239583328125001 0.7648148140625
0 0.6011708000347593 0.6720878743025646 0.5804671224486544 0.6288856433604119 0.5182180445492911 0.6587170851807754 0.5389217221353959 0.7019193161229281
0 0.5800452845330025 0.636364075774588 0.5608648859242245 0.6133281582202875 0.517798768578722 0.6491863043206997 0.5369791671875002 0.672222221875
0 0.7776366572903509 0.7644648025983278 0.7752991653394321 0.6564206180005738 0.6810323905312827 0.6584600412992315 0.6833698824822015 0.7665042258969855
0 0.7081565230093736 0.6498463184762316 0.6535930398034226 0.6279978050969934 0.6235138886781925 0.7031161085157672 0.6780773718841433 0.7249646218950054
0 0.6841506289157024 0.6373304928262448 0.6613949199318925 0.6079248896015792 0.6142713116875135 0.6443917869912807 0.6370270206713234 0.6737973902159463
0 0.7799951963732983 0.6333520153111951 0.7207151624865025 0.6099327364438152 0.7014139050161505 0.6587890314381895 0.7606939389029463 0.6822083103055695
0 0.8511013213871236 0.6995863440499976 0.8169369239289207 0.6245586487351416 0.7512430764773586 0.6544728118381805 0.7854074739355614 0.7295005071530365
0 0.9500665940735308 0.7579576914441192 0.9489296008439727 0.6537096970190666 0.8226042996705958 0.6550874790373027 0.823741292900154 0.7593354734623553