0 0.3292991910754007 0.7663262048416508 0.32697859232276066 0.6553725609498774 0.2208290392368614 0.6575926820008338 0.2231496379895014 0.7685463258926072
0 0.42617453252608184 0.640275810705711 0.3546290300408056 0.6239052296459133 0.3287221125690338 0.7371280542721144 0.4002676150543101 0.7534986353319122
0 0.37075152383851295 0.6257433339327252 0.3258593101013746 0.6097009691998775 0.2938639256365111 0.6992353777436234 0.3387561393736494 0.7152777424764711
0 0.407135096900915 0.6096261795878115 0.36272410681209744 0.6067019971600668 0.36079734272368247 0.6359647066347552 0.40520833281250007 0.6388888890625
0 0.5052067467006043 0.6482552976547322 0.41132655008926744 0.6468656251111229 0.409579738461204 0.7648725756259774 0.5034599350725408 0.7662622481695868
0 0.49998587936352995 0.6205209525834221 0.4349326351066788 0.6144222177954262 0.4307382426664111 0.6591624541577101 0.49579148692326225 0.6652611889457061
0 0.5235017206114257 0.6675444021498349 0.4925721105636603 0.6015612482755537 0.4660264319580512 0.6140045378050168 0.4969560420058167 0.6799876916792982
0 0.5738636619147512 0.6129683440542132 0.5487092686620234 0.6000674695907067 0.5124554529551666 0.670755913213801 0.5376098462078944 0.6836567876773076
0 0.6015983781927189 0.6463477777206224 0.5801456753555922 0.6086836566942893 0.5166388025149906 0.6448558554351569 0.5380915053521174 0.68251997646149
0 0.6278495619797708 0.7646102203868268 0.6250152933044064 0.6386425961617415 0.53449861722341 0.6406792193114808 0.5373328858987743 0.7666468435365661
0 0.6659573144381497 0.6099974611714263 0.6432668079649678 0.6007910669046023 0.6168928263393181 0.6657936057331761 0.6395833328124999 0.675
0 0.7085368599305906 0.6276836716857284 0.6600051227927463 0.6070506290681473 0.620693510890446 0.6995169148539254 0.6692252480282901 0.7201499574715065
0 0.7887762046305464 0.7618156337712558 0.7866626578893017 0.6303063201352358 0.6714245665096956 0.632158364570482 0.6735381132509405 0.763667678206502
0 0.7831110669152646 0.6286229514131749 0.7304405282258071 0.5926089087998079 0.7066132271511321 0.627456337526213 0.7592837658405895 0.6634703801395802
0 0.8448438534878069 0.6211567817725407 0.7736734385203569 0.6094616429656228 0.7537474983669237 0.7307203516264867 0.8249179133343736 0.7424154904334046
0 0.9415363190515633 0.7597654944836411 0.9372605442993818 0.6310913767272889 0.8194713441249707 0.6350054512666539 0.8237471188771522 0.763679569023006