0 0.3280523877430237 0.7665179407098874 0.32697529957909405 0.6689740475318302 0.2265990203564116 0.6700824111491477 0.22767610852034129 0.7676263043272049
0 0.4200224361173155 0.648827654260345 0.3431836928913085 0.6437427348493646 0.3364365469769689 0.7456995547157341 0.4132752902029758 0.7507844741267146
0 0.37409167624341577 0.6402403858354277 0.3364581544310389 0.6199919149153132 0.296567632441683 0.6941318751778057 0.3342011542540599 0.7143803460979202
0 0.41088246234511827 0.6498026518589363 0.38299278134663656 0.6109996179007597 0.357274338762004 0.6294847487345054 0.38516401976048564 0.668287782692682
0 0.5008058046729509 0.7637517739851647 0.4994278897481337 0.661441488507191 0.40931512867184605 0.6626551271733663 0.41069304359666325 0.7649654126513401
0 0.5181008909697055 0.6567095383019829 0.4547972371753802 0.6211012215971471 0.42531528109928163 0.6735135711078275 0.4886189348936069 0.7091218878126633
0 0.523136826140029 0.67490214245714 0.4947862892896738 0.6111134943457167 0.46843857251899906 0.6228236016664574 0.4967891093693543 0.6866122497778807
0 0.5787571850969029 0.6295306514465697 0.5587571844859391 0.6070306506510623 0.516828304256599 0.6443007662312925 0.5368283048675627 0.6668007670267999
0 0.6019352485062462 0.6644672169623237 0.5794375003325744 0.6210787031697416 0.5144814190138283 0.6547596346449179 0.5369791671875002 0.6981481484375001
0 0.6244791671875001 0.6620370375 0.5354166671875 0.6620370375 0.5354166671875001 0.7638888890625 0.6244791671875002 0.7638888890625
0 0.6822916671874999 0.63055555625 0.6603411282996599 0.6043912966150937 0.6127642326008087 0.6443059937543572 0.6347147714886489 0.6704702533892635
0 0.7099953179546885 0.63990729079174 0.6570910732316788 0.6155593148315228 0.6207495553638017 0.6945236015561859 0.6736538000868114 0.7188715775164031
0 0.7796875000000001 0.6509259265625003 0.6822916671875 0.6509259265625001 0.6822916671875001 0.7648148140625001 0.7796875000000002 0.7648148140625002
0 0.7773326698978906 0.6222616003445763 0.7165181892699024 0.605157534723385 0.7025744716677822 0.6547352177594966 0.7633889522957703 0.6718392833806879
0 0.8496080410885887 0.7278057774554783 0.831897058472477 0.6210654766265804 0.7589320373227926 0.6331722648886611 0.7766430199389042 0.739912565717559
0 0.9345298031007166 0.7551116358953112 0.9296773940572324 0.6452500445469334 0.820841888561219 0.6500571330356333 0.825694297604703 0.759918724384011