0 0.32872636136665223 0.7665151028796132 0.3275656432652612 0.6542155149233392 0.2229699170516398 0.6552966066259336 0.22413063515303083 0.7675961945822076
0 0.42773049128825996 0.6407207149715175 0.3569036720922704 0.621089367245103 0.3253221011696615 0.7350307147691575 0.396148920365651 0.754662062495572
0 0.37100741794402625 0.6246721742635287 0.3234853300970998 0.608318985404562 0.29194485977182066 0.6999750541051593 0.33946694761874713 0.716328242964126
0 0.4074733862137734 0.6094552132297937 0.3633566176241888 0.6068408844049129 0.36149757541513383 0.6382122001149337 0.4056143440047184 0.6408265289398146
0 0.5061089804165744 0.7641926514373483 0.5008738969053013 0.6360966817558854 0.407138034548569 0.6399275209982047 0.41237311805984217 0.7680234906796677
0 0.5163916303078369 0.6376482187471868 0.45107631225423256 0.6082563333384371 0.4286512484708694 0.6580898214938687 0.4939665665244736 0.6874817069026185
0 0.5264883242954688 0.6646829177576625 0.49040552998797676 0.6005357699742514 0.46508407540188984 0.6147790975261048 0.5011668697093818 0.678926245309516
0 0.5747025932550259 0.61234810893113 0.5474863653821147 0.5983897861987565 0.5119339297894265 0.6677106642927582 0.5391501576623379 0.6816689870251317
0 0.6042411153902514 0.6446461048506691 0.58027896560735 0.6057503992323998 0.5194049305125544 0.6432525533557061 0.5433670802954558 0.6821482589739754
0 0.6260416671875 0.640740740625 0.5385416671875001 0.640740740625 0.5385416671875001 0.7666666671875 0.6260416671875001 0.7666666671875
0 0.6646768416068415 0.6095146777664121 0.6423232458764913 0.6003337370264065 0.6161880714571499 0.6639672076974946 0.6385416671875002 0.6731481484375003
0 0.7094560524977108 0.6232053948495186 0.6595299890799557 0.6087248862497996 0.6308068149018708 0.7077569751919051 0.6807328783196259 0.7222374837916241
0 0.8022184050158645 0.6424779704242259 0.6869727977101276 0.6275182027247523 0.6707541647689166 0.752461733969858 0.7859997720746533 0.7674215016693317
0 0.7838066161424494 0.6295266008576275 0.7334110824273792 0.5930261348974841 0.7079470465075041 0.6281838691062226 0.7583425802225742 0.6646843350663659
0 0.8446279199144942 0.6197622967282602 0.7727223986492462 0.6093243984590349 0.7545837308783059 0.7342796650735872 0.8264892521435536 0.7447175633428126
0 0.9328125 0.6333333328125001 0.821875 0.6333333328125001 0.821875 0.7555555562500003 0.9328125 0.7555555562500003