0 0.3301358967753265 0.7652799978980485 0.32672654436235027 0.654049889328463 0.21979232373561647 0.6573275669987623 0.2232016761485927 0.7685576755683478
0 0.4227902510147127 0.6359443036467296 0.34708553419914195 0.6284672957468078 0.3359811334338583 0.7408993710628173 0.41168585024942905 0.7483763789627391
0 0.3709699008236509 0.62496002954285 0.3246954515090369 0.6087299474454738 0.2929208035728618 0.6993243342508207 0.3391952528874758 0.7155544163481969
0 0.4057291671875 0.609259259375 0.36197916718750006 0.609259259375 0.36197916718750006 0.640740740625 0.4057291671875 0.640740740625
0 0.5050562468254505 0.7642036256266614 0.5027623748182515 0.6416247202436611 0.4092184057384639 0.643375248945512 0.41151227774566285 0.7659541543285123
0 0.514771509576676 0.643302627395735 0.44791945440245245 0.614771926482593 0.43121356982577674 0.6539165209618584 0.4980656250000003 0.6824472218750002
0 0.528796960997193 0.6599169524489665 0.4826384693413398 0.5971548520762614 0.4548831755316468 0.6175675293147947 0.5010416671875 0.6803296296875
0 0.6260416671875 0.6485768515625 0.535565625 0.6485768515625 0.535565625 0.7618287031250001 0.6260416671875001 0.7618287031250001
0 0.6067173497484759 0.6508249370237967 0.5818824417343131 0.6104340804987106 0.5145634254916445 0.6518261607818372 0.5393983335058073 0.6922170173069233
0 0.5759958816594767 0.6132571258346844 0.5578015820008275 0.5988947102956265 0.5173262147181958 0.6501688820483809 0.535520514376845 0.6645312975874388
0 0.6817890306252247 0.6130514378710509 0.6531101783374533 0.59376067391079 0.6120972337733249 0.6547330740430077 0.6407760860610964 0.6740238380032686
0 0.710698877375077 0.6282327608199397 0.6571530594949009 0.6077856029931763 0.6198812948218773 0.7053907146748722 0.6734271127020532 0.7258378725016357
0 0.7915768283338458 0.764557425085976 0.7837382520724934 0.6278895937659564 0.669439115912564 0.6344452146954961 0.6772776921739164 0.7711130460155157
0 0.7799147926933869 0.6133516568388382 0.7174527909767422 0.5925287146525328 0.7030044975711291 0.6358688593558841 0.765466499287774 0.6566918015421894
0 0.8427062723167433 0.6221268480657898 0.7738275410368034 0.607855571066701 0.7521569563796826 0.7124462378565279 0.8210356876596225 0.7267175148556169
0 0.9584376536276636 0.7363509523515461 0.8855647431619424 0.6154142333976026 0.7906794077501376 0.6725893462316762 0.8635523182158588 0.7935260651856197