0 0.3292919341513776 0.7654401817684859 0.32701263004254433 0.6538967195137916 0.2216790287036668 0.6560491299328056 0.22395833281250002 0.7675925921875
0 0.424795052821575 0.63745207754315 0.3527274324879003 0.6231445351658209 0.32957406756579866 0.7397688909529486 0.40164168789947335 0.7540764333302776
0 0.36905195785104283 0.6232343327725517 0.3213711485548454 0.6081285592832684 0.29243220480637483 0.6994732533555792 0.3401130141025722 0.7145790268448625
0 0.4097972984860073 0.6098504761606044 0.36614114143972964 0.6025744486219697 0.36128002950279264 0.6317411147748413 0.4049361865490703 0.6390171423134758
0 0.5055053923682713 0.7640823341762324 0.5032069606759062 0.6438455060325531 0.4082300647696842 0.645661072119613 0.4105284964620492 0.7658979002632923
0 0.5177578420620705 0.6490218974933617 0.45728641456058605 0.609929267154503 0.4289637604063068 0.6537408836278427 0.4894351879077913 0.6928335139667012
0 0.5266512719620625 0.6631057491446859 0.4878402478470525 0.6006795530638084 0.4627514758849899 0.6162775070441227 0.5015624999999999 0.6787037031250001
0 0.5753060081506887 0.6124189466743939 0.5484019529023499 0.5972854163565444 0.5100751119391613 0.6654220259321505 0.5369791671875002 0.6805555562500001
0 0.6038458841682822 0.6413500271918364 0.5768786915262194 0.6030976523713791 0.5146994745454373 0.6469328111170429 0.5416666671875001 0.6851851859375002
0 0.6270833328125 0.640740740625 0.5385416671875001 0.640740740625 0.5385416671875001 0.7666666671875 0.6270833328125001 0.7666666671875
0 0.7893196626348259 0.7605767893564035 0.7833181460343448 0.6289879804864817 0.6703773983892285 0.6341389942974887 0.6763789149897097 0.7657278031674105
0 0.7088283816989411 0.6273515575547128 0.6612142719534762 0.6059889765239138 0.6200872027876285 0.6976552776112571 0.6677013125330935 0.7190178586420561
0 0.6664681440483526 0.6094034785488784 0.6433069301522569 0.5991070117669712 0.6153804532914046 0.6619257550930928 0.6385416671875002 0.6722222218750001
0 0.7788253202262034 0.6460906726699551 0.7445005866974759 0.593028281873593 0.7143730125732921 0.612517056091254 0.7486977461020196 0.665579446887616
0 0.8459032868909002 0.6248180769325977 0.7773391152496163 0.6063057495712728 0.7488379426374457 0.7118656423290727 0.8174021142787298 0.7303779696903974
0 0.9494750771385434 0.754595306316524 0.929621009703018 0.6230620988535851 0.81031148132721 0.6410710828034476 0.8301655487627354 0.7726042902663867