0 0.3281250000000001 0.6555555562500001 0.2239583328125001 0.6555555562500001 0.2239583328125001 0.7675925921875 0.3281250000000001 0.7675925921875
0 0.4245536650002416 0.6358459990131922 0.35122375254563704 0.6237142116314881 0.33211711934431254 0.7392031907796337 0.40544703179891706 0.7513349781613379
0 0.37023819936693636 0.6242942234641448 0.3231067641678943 0.6083873642833038 0.2928296830014819 0.6980972355273808 0.3399611182005239 0.7140040947082218
0 0.4057291671875 0.6083333328125 0.3625000000000001 0.6083333328125 0.3625000000000001 0.6398148140625 0.4057291671875 0.6398148140625
0 0.5061976611002186 0.6442673871451384 0.41251021738053606 0.6413396575481226 0.4087016169669401 0.7632149964671399 0.5023890606866226 0.7661427260641557
0 0.5038835229093976 0.6219487886789874 0.4372790761957684 0.6120814731072572 0.4299077180295948 0.6618381904856491 0.4965121647432241 0.6717055060573792
0 0.5192851050567203 0.6730593723255057 0.4959079527736517 0.6018147086839227 0.4673820046064753 0.6111747842353747 0.4907591568895439 0.6824194478769579
0 0.6260416671875 0.6416666671875 0.5375 0.6416666671875 0.5375000000000001 0.7666666671875 0.6260416671875001 0.7666666671875
0 0.5744970160241388 0.6127817391870259 0.5478734517107454 0.5989071429534996 0.5117048512156258 0.668310031888056 0.5383284155290193 0.6821846281215824
0 0.6049004007724429 0.6446988490018505 0.5807364196775964 0.6067205324476541 0.5174365266373092 0.6469955513929657 0.5416005077321557 0.6849738679471622
0 0.6661297848083049 0.6102395985032482 0.6442410733330581 0.6003493102490385 0.6166529557122533 0.6614060086207904 0.6385416671875 0.6712962968750003
0 0.7122849718300192 0.6283889834391759 0.6578227139048687 0.6023166267123085 0.6141035977823619 0.6936410053815336 0.6685658557075123 0.719713362108401
0 0.7889026071655796 0.7608251377438404 0.785468363993891 0.6313971891243082 0.6728413224278589 0.6343856367708257 0.6762755655995475 0.7638135853903579
0 0.7839120750837938 0.6283745158286231 0.7336693411999575 0.5926463450452075 0.7076061484773742 0.6292977052299201 0.7578488823612105 0.6650258760133358
0 0.8589455276905025 0.6970453074838114 0.8223103055606445 0.6029696717295867 0.7544728749216676 0.6293871316835167 0.7911080970515254 0.7234627674377414
0 0.9368283241286249 0.7559724962834884 0.9323383962347842 0.6309560469555412 0.8185556780642351 0.6350425187990247 0.8230456059580756 0.760058968126972