0 0.3301642510307158 0.7652791288019893 0.3267812973595143 0.6549102790751473 0.21987543094032186 0.6581870876508538 0.22325838461152334 0.7685559373776958
0 0.4270322815801621 0.6406080223810643 0.3546870579705361 0.6240760077885883 0.32887070996886825 0.7370501077397574 0.4012159335784943 0.7535821223322335
0 0.3707637975099857 0.6258644471859514 0.32617984269893696 0.609637199103241 0.29415278536920175 0.6976307313054855 0.3387367401802505 0.713857979388196
0 0.4096932408852526 0.6134352744728379 0.3640701145042989 0.6060618345018262 0.35946966746777653 0.6345270796765752 0.40509279384873026 0.6419005196475869
0 0.5055756209859182 0.7641256803310819 0.5033025344822041 0.642657497542056 0.40765965563852474 0.6444473039924705 0.4099327421422389 0.7659154867814963
0 0.5226818186163584 0.6357712829547382 0.45028612661311707 0.5997247632428786 0.4227852043179391 0.6549575101544134 0.49518089632118045 0.6910040298662729
0 0.5203165607493263 0.6659511357319243 0.49274295686877245 0.6038493573623332 0.4559226688206858 0.6201978108858957 0.4834962727012397 0.6822995892554867
0 0.5740377918169511 0.6137171375729615 0.5491803082338277 0.6001232015388425 0.5121216836043766 0.6678875452158811 0.5369791671875002 0.6814814812500002
0 0.6026455329794503 0.6472309185323095 0.5807248008228413 0.6095731740639945 0.5163972824860643 0.6470184942675531 0.5383180146426734 0.6846762387358681
0 0.6288174693184408 0.7616106143198083 0.6249633869467051 0.6423749212296951 0.5337930907895329 0.6453218394061151 0.5376471731612686 0.7645575324962282
0 0.7877066978567584 0.7615532875390798 0.7858720700017205 0.6343522963336692 0.6729014456817358 0.6359816787167338 0.6747360735367737 0.7631826699221445
0 0.7081852530386836 0.6279857841790335 0.659803511299039 0.6084986930841524 0.6217184477983606 0.7030547095494223 0.6701001895380051 0.7225418006443034
0 0.6650928328701657 0.6111379779878915 0.642543609992176 0.6016250244375996 0.6159924443095103 0.6645611198872082 0.6385416671875002 0.6740740734375
0 0.7835516769572392 0.626843442856989 0.7294681699503812 0.5922299991514024 0.706262217569754 0.6284893005619667 0.760345724576612 0.6631027442675533
0 0.8595414779948157 0.7004439342258311 0.8236610514463903 0.6047628102185201 0.7563855556198987 0.6299911247011853 0.7922659821683242 0.7256722487084963
0 0.9431517220908043 0.7618425771041978 0.9404501238565176 0.6326725018514446 0.8202483022065582 0.6351865286373868 0.8229499004408449 0.7643566038901399