0 0.328054316179699 0.7665262863098514 0.32700623275367485 0.6698404929837805 0.22615598673447734 0.6709337194830108 0.22720407016050145 0.7676195128090819
0 0.3741770847625431 0.6402644304183787 0.33710824798142863 0.6197154019934186 0.2964860419538787 0.6929946779661451 0.3335548787349931 0.7135437063911053
0 0.422075670152075 0.648595712645659 0.34510736085349436 0.6409554760046952 0.33484716088450084 0.7443174897471331 0.41181547018308146 0.7519577263880969
0 0.41008986372914735 0.6497839404829233 0.3841617785621006 0.6106037251442645 0.3568895074645352 0.6286515526409847 0.38281759263158194 0.6678317679796435
0 0.5000000000000001 0.6620370375 0.4119791671875001 0.6620370375 0.4119791671875002 0.7648148140625 0.5000000000000002 0.7648148140625
0 0.5075863642366866 0.6337535639951313 0.4356775313786988 0.6247649548317924 0.4283929833657548 0.6830413061548933 0.5003018162237425 0.6920299153182322
0 0.523136826140029 0.67490214245714 0.49461446762889666 0.6107268959714042 0.46826675085822195 0.6224370032921449 0.4967891093693543 0.6866122497778807
0 0.5785236939438122 0.62833268110891 0.5598912948124041 0.6076399690499985 0.517772615635916 0.6455650143060208 0.5364050147673242 0.6662577263649323
0 0.6015965540989185 0.6643612784740268 0.5785610047142808 0.6203057915670291 0.5139436178028622 0.6540926615305024 0.5369791671875 0.6981481484375001
0 0.6244791671875001 0.6611111109375 0.5354166671875 0.6611111109375 0.5354166671875001 0.7638888890625 0.6244791671875002 0.7638888890625
0 0.68125 0.6296296296875001 0.6587212638136957 0.6042848016939147 0.6128879310011957 0.6450255423189148 0.6354166671875 0.6703703703125001
0 0.7092147752196378 0.6404470491494 0.6584299302038664 0.617117761738004 0.6199726208975409 0.7008343561802024 0.6707574659133124 0.7241636435915983
0 0.7806195434683084 0.7635723867559526 0.7784297455499796 0.649018468599454 0.6805134588061237 0.6508902237024898 0.6827032567244525 0.7654441418589885
0 0.7803605369432971 0.626445960707333 0.7205431824396389 0.6040144611802761 0.7023806136815265 0.6524479960311502 0.7621979681851847 0.6748794955582073
0 0.8497947794917906 0.7090860637605065 0.826667209041781 0.620002085267496 0.7572663127973647 0.6380196249456602 0.7803938832473741 0.7271036034386708
0 0.9328000696979168 0.7541280457442505 0.925202658523651 0.6438706174559368 0.81878864528497 0.6512031938258838 0.8263860564592356 0.7614606221141975