0 0.32963754480695096 0.7664531020968522 0.32845147844956896 0.6597070218520631 0.2243966800352423 0.6608631851082725 0.22558274639262427 0.7676092653530615
0 0.42569436084017126 0.6479016253358538 0.3524403702551453 0.6320534055217318 0.32999004816164784 0.7358237786334433 0.4032440387466738 0.7516719984475653
0 0.3727393311217817 0.6335957564963202 0.3327311770964049 0.61417398982822 0.29406759733467974 0.6938195998653449 0.33407575136005657 0.7132413665334452
0 0.40763552522343477 0.6157765929594453 0.36202941700209645 0.6115010239212098 0.3590813917786619 0.6429466528367644 0.4046875000000002 0.6472222218750001
0 0.5030163186100638 0.7627792083837422 0.501549496604097 0.6513924888840006 0.4090279127056811 0.6526108809499366 0.410494734711648 0.7639976004496782
0 0.5078413059904866 0.6294248062769172 0.43608326592624697 0.6193338273992465 0.4283090427840298 0.674617167347762 0.5000670828482694 0.6847081462254327
0 0.523899284071099 0.6724799389183487 0.4942600862468757 0.6057918063339895 0.46338058505304314 0.6195160419532668 0.49301978287726655 0.6862041745376258
0 0.5760416671875002 0.6222222218750001 0.5574534939450155 0.6027363238259765 0.5147451595700153 0.6434770644509765 0.5333333328125 0.6629629625000001
0 0.6013264623691177 0.6571404971927522 0.579446219935717 0.613701780277628 0.5122838158030205 0.6475317317401625 0.5341640582364212 0.6909704486552868
0 0.6246258726719208 0.7636500223602668 0.6225853870360771 0.651168141498043 0.5313855821570999 0.6528225581064853 0.5334260677929435 0.7653044389687091
0 0.6812500000000001 0.6222222218750002 0.6567817080893482 0.5987434563028028 0.6113221038683632 0.6461189821924147 0.6357903957790152 0.6695977477646121
0 0.7087432456789118 0.6330517367047855 0.6545692363165194 0.6122018716432038 0.6179888052331977 0.707248463558072 0.67216281459559 0.7280983286196537
0 0.7876532761560926 0.7624016848733132 0.7798661015799623 0.6388776297034965 0.673938401710132 0.6455554989671011 0.6817255762862623 0.7690795541369178
0 0.7815444007250815 0.624630979520119 0.7248343242921569 0.5966260031537979 0.7036155187544881 0.639594083830476 0.7603255951874127 0.6675990601967973
0 0.8575111715689598 0.6947345483348555 0.8226750538908872 0.6085151329793771 0.7548456556577353 0.6359209427861445 0.7896817733358079 0.7221403581416229
0 0.937194980284716 0.7566476958293284 0.931826642731518 0.6373513639152131 0.819096587724853 0.6424242188635282 0.824464925278051 0.7617205507776437