0 0.3281250000000001 0.6574074078125001 0.22291666718750008 0.6574074078125001 0.22291666718750008 0.76851851875 0.3281250000000001 0.76851851875
0 0.4253541019078592 0.6400585380250883 0.35195389950712974 0.6258447692642348 0.3302054396731305 0.7381542756715864 0.40360564207385996 0.7523680444324399
0 0.3718722067610328 0.6272558576785192 0.32808869498960574 0.6102289370421797 0.2935950075199096 0.6989269937034718 0.3373785192913366 0.7159539143398113
0 0.41227448183177273 0.6177506696339329 0.36716973151659 0.6049208700676186 0.3595675288440049 0.631647355670143 0.40467227915918763 0.6444771552364572
0 0.5065397993621186 0.7616857622089259 0.503490452248037 0.6416177025465843 0.40746387527449324 0.6440564724092179 0.41051322238857485 0.7641245320715595
0 0.5157976293032634 0.6296719235864859 0.44296012013984143 0.6103914039031586 0.42874393718195825 0.664096976858182 0.5015814463453803 0.6833774965415095
0 0.5205478964258441 0.6738107442065633 0.49548928691561683 0.6032754005426855 0.46693817245785796 0.6134185598599226 0.49199678196808516 0.6839539035238003
0 0.5755362886529681 0.614787338912507 0.5486322333533831 0.5996538078470268 0.510075111887915 0.6681998017470198 0.5369791671875 0.6833333328125001
0 0.6000696434759066 0.6446232706849533 0.5760579846754134 0.6089059292659778 0.5129675083870067 0.6513196960810244 0.5369791671875 0.6870370374999999
0 0.6265625 0.64444444375 0.5354166671875 0.64444444375 0.5354166671875001 0.7648148140625 0.6265625000000001 0.7648148140625
0 0.6651300728826707 0.6107492796715727 0.6399012196427591 0.6029732635895624 0.6169586467600886 0.6774091698554898 0.6421875000000001 0.6851851859375001
0 0.7088159231498098 0.6289024664537877 0.6597524507143727 0.6086194498672673 0.6220894316616348 0.6997241674149237 0.6711529040970718 0.7200071840014439
0 0.7875000000000001 0.634259259375 0.675 0.634259259375 0.675 0.7611111109375001 0.7875000000000002 0.7611111109375002
0 0.7822354580575756 0.6237178859432552 0.7261553065856298 0.594394932283587 0.7053114910494008 0.6342587313432568 0.7613916425213466 0.663581685002925
0 0.8563970553468195 0.7060784360973092 0.8282093743457375 0.6058555397790251 0.757741800519281 0.6256745388791137 0.7859294815203628 0.7258974351973979
0 0.9375068200368762 0.7619141767238718 0.9347418230576215 0.6328234674494735 0.8206325113607796 0.6352675775168831 0.8233975083400343 0.7643582867912815