0 0.32797415098734417 0.7665384470629389 0.32694705735668883 0.671788966040976 0.2266677642534038 0.6728760033748178 0.22769485788405913 0.7676254843967807
0 0.4204480238132887 0.6509708140995456 0.34351963573583705 0.6452011821810424 0.3360764738036884 0.7444432928958266 0.41300486188114005 0.7502129248143298
0 0.3751571160991244 0.6435331496952232 0.33800516086620513 0.6216852668683421 0.29639412724470604 0.6924441257724805 0.33354608247762524 0.7142920085993616
0 0.4119166047564359 0.6517659093559456 0.3828700923287952 0.6118636281370275 0.3561758600268 0.6312954582635372 0.38522237245444063 0.6711977394824552
0 0.5024212027189328 0.763442697062452 0.49848858243534167 0.6594740331759593 0.40761286143758574 0.6629114121930823 0.41154548172117683 0.766880076079575
0 0.5138229665694197 0.6429866261117786 0.44479495897797267 0.6220790966982763 0.42769034143987117 0.6785514634670812 0.49671834903131823 0.6994589928805833
0 0.529225195950948 0.6617977723221736 0.4859859332568021 0.6105512251463804 0.45799582280897333 0.6341678745635632 0.5012350855031191 0.6854144217393564
0 0.5781855103652336 0.6312731832143635 0.5576937520556444 0.6099489472018349 0.5170082416904108 0.6490461342999714 0.5375 0.6703703703125
0 0.6009570963706387 0.6650221273835518 0.5802143475509725 0.6223617475701767 0.5158854768540508 0.6536403628229334 0.536628225673717 0.6963007426363085
0 0.6244791671875001 0.6629629625 0.5354166671875 0.6629629625 0.5354166671875001 0.7648148140625 0.6244791671875002 0.7648148140625
0 0.6813960785722022 0.6304130405716277 0.6575833291289006 0.6060049720797012 0.6147289177441985 0.6478141533830735 0.6385416671875 0.672222221875
0 0.7088759495703334 0.6438497316473921 0.657688253307423 0.6209327910718837 0.6224373085149827 0.6996699440121181 0.6736250047778931 0.7225868845876265
0 0.7797574116662688 0.7644980232853251 0.7775192193325101 0.649930436115499 0.6810247358349744 0.6518155523036757 0.6832629281687329 0.7663831394735018
0 0.7816278714396253 0.6296150746202276 0.7199992998295548 0.6048535950881179 0.7004928062093112 0.6534030905808104 0.7621213778193818 0.6781645701129202
0 0.8504841774147964 0.7030628778649867 0.8236047539778468 0.6211446596946961 0.7553070565295877 0.6435548484229737 0.7821864799665375 0.7254730665932642
0 0.9330949270305908 0.7568958225603598 0.9268400238393781 0.6451871443049083 0.8191506326722712 0.6512169955840592 0.8254055358634839 0.7629256738395107