0 0.3272835084274567 0.7665892322142598 0.32635211881563575 0.6764771961107305 0.22725124849089745 0.677501493475811 0.22818263810271838 0.7676135295793401
0 0.4221849605012714 0.6555781283223145 0.3458592906052328 0.6469914905663432 0.3347122036845211 0.7460767088779016 0.41103787358055965 0.7546633466338729
0 0.3746473977204965 0.6463701128266468 0.3387714735154831 0.6251637929028392 0.2983647557912624 0.6935221100298037 0.33424067999627577 0.7147284299536114
0 0.411982759135753 0.6530523627822191 0.380834714964756 0.6138289000404826 0.35560151472033413 0.6338670297936863 0.3867495588913311 0.6730904925354227
0 0.5017694088892981 0.7635379045695198 0.49919226526251864 0.6664117041097752 0.4111842560884031 0.6687469059283889 0.4137613997151826 0.7658731063881333
0 0.5077908045440643 0.6390431726032253 0.43743728010541183 0.6291497080744544 0.42881977632206486 0.690429734020755 0.49917330076071736 0.700323198549526
0 0.5804714782108837 0.6377575807167288 0.560853486402953 0.6126220298048345 0.5173399315588292 0.6465838301830399 0.53695792336676 0.6717193810949341
0 0.602394589489776 0.6678385548249866 0.57746649939979 0.6246038999262502 0.5120510770975141 0.6623209013512639 0.5369791671875 0.7055555562500001
0 0.624867658738484 0.7628343896833629 0.6235944503835892 0.6661501967039187 0.5341485600333242 0.667328085781704 0.5354217683882191 0.7640122787611481
0 0.7786577937531239 0.7641865429738477 0.7742304956418746 0.6539960712355917 0.6798516037022592 0.6577880823181707 0.6842789018135085 0.7679785540564266
0 0.7089942018210298 0.6471080248371779 0.6498001356184716 0.6227301124653695 0.617186021933743 0.701923194102014 0.6763800881363011 0.7263011064738223
0 0.6793412162305205 0.6298330799708336 0.6566725909474803 0.6080145281571593 0.6153543957892319 0.6509425231685808 0.6380230210722722 0.6727610749822552
0 0.782555387069719 0.6384739832313551 0.7258794683350595 0.6082468282731477 0.7013504422827793 0.6542387547082191 0.7580263610174389 0.6844659096664264
0 0.8503475828406083 0.697068704981504 0.8168604919879066 0.6226529419498742 0.7503324254555448 0.652590569644115 0.7838195163082465 0.7270063326757448
0 0.9291029255976235 0.7552545864128624 0.9256983964896308 0.6499269210534776 0.8214610620152266 0.6532962071583849 0.8248655911232194 0.7586238725177696