0 0.329114054716338 0.7664774622705915 0.3279750576671775 0.6633269382147777 0.2249949302901971 0.6644640537290051 0.2261339273393576 0.7676145777848189
0 0.42011406736865575 0.6411700541091181 0.3409896118101678 0.6374683224543345 0.3361315065962998 0.7413102445440696 0.4152559621547878 0.7450119761988533
0 0.3730543977730717 0.63516317724412 0.3339069378042975 0.6155233198599201 0.294907718077246 0.6932591385683813 0.33405517804602025 0.7128989959525811
0 0.41088678855981975 0.6447499055519446 0.38138044595824916 0.6069817843309555 0.3572490966544432 0.6258343996313049 0.38675543925601374 0.663602520852294
0 0.5018945328997874 0.7628110736263362 0.5004836090705633 0.6532881866798085 0.4082279222104785 0.6544766665546666 0.4096388460397026 0.7639995535011944
0 0.511773146785971 0.675216842074458 0.47221851663247705 0.621125035318094 0.42284082639760995 0.6572324680735024 0.4623954565511039 0.7113242748298665
0 0.5226747629106812 0.6744265967578886 0.4951342836162783 0.6091454616726553 0.46860578651873475 0.6203371715605519 0.4961462658131376 0.6856183066457853
0 0.5755208328125001 0.6222222218750001 0.5558481920809277 0.6046611825998418 0.5150595790894472 0.6503543626416196 0.5347322198210195 0.6679154019167779
0 0.6009091845446763 0.6569131587246075 0.5780757583016808 0.6149104545200199 0.5128451946185699 0.6503709633813674 0.5356786208615655 0.692373667585955
0 0.6245319084761689 0.7646003376761991 0.6228527780502009 0.6540924560092866 0.5324315530847609 0.655466376382228 0.534110683510729 0.7659742580491405
0 0.6807291671874999 0.6231481484374999 0.6573137838660646 0.6000314304213697 0.6119055230923935 0.6460263606373846 0.6353209064138288 0.6691430786535147
0 0.7083161309619302 0.6357581442690644 0.6565116993012092 0.6133948944287321 0.621227087806506 0.6951316392177569 0.6730315194672271 0.7174948890580891
0 0.7862767107400974 0.7628496288079363 0.7804847586231932 0.6390465252480254 0.6775839626284579 0.6438605926345059 0.6833759147453621 0.7676636961944168
0 0.7803443746560902 0.6236308387129921 0.7222994418006754 0.5982361873908881 0.7029200831227325 0.6425318762339592 0.7609650159781471 0.6679265275560631
0 0.8475748275642371 0.63357945117175 0.7759741850066014 0.6155457073785675 0.7505996252253226 0.7162921084471872 0.8222002677829583 0.7343258522403696
0 0.9344357376568198 0.7559801369501378 0.9290595053510702 0.6380390720708533 0.8190402776286276 0.6430541948946163 0.8244165099343773 0.7609952597739007