0 0.329167560786294 0.7665114451390076 0.3280596519010267 0.6586979533047301 0.2228504239272327 0.6597791003532225 0.22395833281250002 0.7675925921874999
0 0.42592021201115166 0.6435953591220465 0.35384010139365285 0.6273773330775748 0.32926426459886365 0.7366032666054008 0.40134437521636246 0.7528212926498723
0 0.3722612026830732 0.6286789204873118 0.32983998736069403 0.6108579824897884 0.2940189349741625 0.6961269271757785 0.3364401502965416 0.7139478651733018
0 0.4133812209285333 0.6326318842573446 0.3772452779903209 0.6029818813988876 0.3577910110505705 0.6266917705140943 0.39392695398878286 0.6563417733725513
0 0.5066142445804239 0.7642421847338997 0.504579621370794 0.6463610857893378 0.4082062200803094 0.6480244869691046 0.4102408432899393 0.7659055859136665
0 0.6272819438772068 0.7626909129550346 0.6252129667596206 0.6463110277743851 0.5334765273455057 0.6479418988970196 0.5355455044630919 0.764321784077669
0 0.5175839194222298 0.6620854805591195 0.45795681264256166 0.6138920013451276 0.4283661400478783 0.6505028919316101 0.4879932468275466 0.6986963711456021
0 0.5242369455820517 0.6612726851383626 0.49230496007951563 0.6009439078293355 0.4594290983002766 0.6183450816728 0.4913610838028128 0.6786738589818271
0 0.6033449706234362 0.6498558662630892 0.5746140593333431 0.6110768643938679 0.508620130897407 0.6599709981307788 0.5373510421875001 0.6987500000000002
0 0.5791580070451522 0.6256029080278421 0.5572017495585533 0.5989579219938151 0.5082520753259011 0.6392939030284731 0.5302083328125 0.6659388890625001
0 0.7959308882599059 0.7540242530496737 0.7529355046600296 0.6252611875817792 0.6544983987951803 0.6581304044782665 0.6974937823950567 0.7868934699461609
0 0.7156582800636017 0.6276308916576943 0.6622512579956097 0.6055361527594257 0.6214440201195081 0.7041747048517317 0.6748510421875 0.7262694437500002
0 0.67892109839123 0.6153064896278195 0.648170236975344 0.5980129770915719 0.6095767432716139 0.6666388952762524 0.6403276046874999 0.6839324078125001
0 0.7853419498235364 0.6460316884875992 0.737256656044661 0.5919357462973738 0.703169074095182 0.6222358265970817 0.7512543678740575 0.6763317687873072
0 0.8445627114785316 0.626441879940612 0.7782349879709305 0.6128775879008254 0.7565743583233374 0.7187954087536936 0.8229020818309385 0.7323597007934801
0 0.9413891406919712 0.7559843900192599 0.917638727527673 0.624009379877646 0.8093596019395217 0.643495447482627 0.83311001510382 0.7754704576242408