0 0.32858768869907995 0.7664968856969454 0.3275132647412202 0.6679855411536963 0.22633215287140307 0.6690890831993345 0.2274065768292628 0.7676004277425836
0 0.3741828112344426 0.6382747996253118 0.33728989647296487 0.6181513918308561 0.2964990261830158 0.692934654985132 0.33339194094449354 0.7130580627795876
0 0.4293554980871234 0.6566286971500281 0.3578885183609442 0.6345185985636087 0.32628677560311503 0.7366656378523857 0.3977537553292943 0.758775736438805
0 0.41161700371345233 0.6493359698725907 0.38233433093156466 0.6081233165793158 0.3564858483118966 0.6264893424955256 0.38576852109378434 0.6677019957888004
0 0.5005208328125 0.6555555562500001 0.41041666718750014 0.6555555562500001 0.4104166671875002 0.7638888890625 0.5005208328125001 0.7638888890625
0 0.5042041432440041 0.6289633324528017 0.4329711960268405 0.6249564832287754 0.4296431065318183 0.6841225786015107 0.5008760537489818 0.688129427825537
0 0.5223602327003677 0.6740466400134013 0.4947971163039894 0.6106334499127509 0.4603489215118879 0.6256066692255271 0.48791203790826615 0.6890198593261774
0 0.5778213160629987 0.6256445659804502 0.5587955399099713 0.6058067140351125 0.5168994119929909 0.6459877958187381 0.5359251881460183 0.6658256477640758
0 0.6011277321332527 0.6603293487009496 0.5793168474527995 0.6193170944353026 0.5151682825070468 0.6534321894843529 0.5369791671875 0.6944444437499999
0 0.6244791671875001 0.6555555562500001 0.5348958328125 0.6555555562500001 0.5348958328125001 0.7638888890625 0.6244791671875002 0.7638888890625
0 0.6805553522717102 0.6245608401222195 0.658205693998533 0.6018248168453539 0.6125461745393228 0.6467084204731345 0.6348958328125 0.6694444437500001
0 0.708287570550257 0.6388890545367956 0.6579436496414117 0.6160355647713945 0.62208396246422 0.6950308199204626 0.6724278833730655 0.7178843096858636
0 0.78601413645247 0.7610026533408567 0.774777315439067 0.6411432011058306 0.6741857260681047 0.6505736603990937 0.6854225470815076 0.7704331126341198
0 0.7805840973931932 0.6239979776397422 0.7204623340026266 0.6014523079136573 0.7034864905987094 0.6467212066816007 0.763608253989276 0.6692668764076857
0 0.9327712283320958 0.7549491870398494 0.9269932413424412 0.6411950520319991 0.8206882894562584 0.646594667869189 0.826466276445913 0.7603488028770392
0 0.8535135791948065 0.7003100443387968 0.8222574361744645 0.6144345657046635 0.7545699010908291 0.6390708333670787 0.7858260441111712 0.724946312001212