0 0.3280800480966997 0.7665128396530237 0.3269997833906435 0.6680736198744259 0.22608466022020965 0.6691810549609039 0.22716492492626586 0.7676202747395017
0 0.41770833281249997 0.6453703703125 0.3390625000000001 0.6453703703125 0.3390625000000001 0.747222221875 0.4177083328125001 0.747222221875
0 0.37436182527432116 0.6397339039034508 0.3359079197844249 0.6190578614541609 0.2957671560460874 0.6937128220865956 0.33422106153598363 0.7143888645358855
0 0.41192991957059544 0.6495798945087394 0.3816999406049626 0.6103067618570969 0.3569986849858897 0.6293202295224543 0.38722866395152256 0.6685933621740967
0 0.5000000000000001 0.6601851859375001 0.41093750000000007 0.6601851859375001 0.4109375000000002 0.7638888890625 0.5000000000000002 0.7638888890625
0 0.5173095945439969 0.6553384955299058 0.45479722941222656 0.6201752934398362 0.424939726232621 0.6732553040687204 0.4874520913643914 0.70841850615879
0 0.5189152488842133 0.6780400729873023 0.4975036865363659 0.6120607418674702 0.4693580081360146 0.6211945560129494 0.490769570483862 0.6871738871327816
0 0.5784049668857472 0.6284090729206585 0.5590578639708064 0.6074597888515775 0.5175901504521938 0.6457560914100006 0.5369372533671347 0.6667053754790816
0 0.6019812166748698 0.6645643867968448 0.5809965235330719 0.6199309274911629 0.5154736396707019 0.6507369110068181 0.5364583328125 0.6953703703125
0 0.6254700374928689 0.7646637632813775 0.6239258023130356 0.6586905172234424 0.5333200416552725 0.6600108184155637 0.5348642768351056 0.7659840644734989
0 0.6765625 0.6231481484375002 0.6560120598317388 0.6042752949617668 0.6143453926442388 0.6496456652742667 0.6348958328125 0.6685185187500001
0 0.7085172240182402 0.6399235878145878 0.6561354354925961 0.6179498709654168 0.6211722714986929 0.7012964015085706 0.673554060024337 0.7232701183577417
0 0.7818695812468375 0.764470715641328 0.7796173537345069 0.6479180207413282 0.6808013154549641 0.6498275106957531 0.6830535429672946 0.7663802055957528
0 0.7818667990173808 0.6306491855807501 0.7249795717671912 0.6040352763618754 0.7031694828660612 0.6506543383516672 0.7600567101162508 0.6772682475705419
0 0.8553382513234261 0.7111874114685128 0.8236617166340914 0.6173310112157977 0.755194049093553 0.6404388487218814 0.7868705837828877 0.7342952489745965
0 0.9334919864586186 0.7550548441504195 0.9272564105728911 0.642814459792884 0.819352565237988 0.6488091168835466 0.8255881411237157 0.7610495012410821