0 0.3286658108846012 0.7665166012021756 0.3275501478387478 0.6579485318569309 0.22284266976664666 0.6590245228422552 0.22395833281250002 0.7675925921874999
0 0.4256630365424129 0.640071158773585 0.3515826710644925 0.6264336371174368 0.3310810733402757 0.7378003421966242 0.405161438818196 0.7514378638527723
0 0.37175243403429625 0.6278750801696132 0.32903582874014453 0.6101701710656602 0.2931000018077326 0.6968724820449387 0.3358166071018843 0.7145773911488916
0 0.41494465282340454 0.6172875358713771 0.36676011181904905 0.6050501845851615 0.3596279589956447 0.6331330190262843 0.4078125000000002 0.6453703703124999
0 0.6271358770655457 0.7627769987535864 0.6253899170487381 0.6449247786424708 0.533962795075922 0.6462792554547517 0.5357087550927297 0.7641314755658672
0 0.6003015865894362 0.6466063823542247 0.5760853289411487 0.6091468589322329 0.5126258513292585 0.6501711678312903 0.536842108977546 0.687630691253282
0 0.5760416671875002 0.6185185187500002 0.5633883357435031 0.5988267716991768 0.5201591685560031 0.6266045498241768 0.5328125000000001 0.6462962968750002
0 0.6644858528476255 0.6124417052615435 0.6427651070707342 0.6034818972849468 0.6173417542231088 0.6651142654609034 0.6390625 0.6740740734375
0 0.7086452635603816 0.6290753932028255 0.6610778919849716 0.6085412226394101 0.6218944889447344 0.6993095098827599 0.6694618605201444 0.7198436804461752
0 0.7883016640024691 0.7609198895689147 0.7861419069267745 0.6342140180218869 0.6728225580835665 0.6361455959550087 0.6749823151592611 0.7628514675020365
0 0.7821814087720445 0.624441112533372 0.7268341770842133 0.5941657032556185 0.704523240133902 0.634952884206095 0.7598704718217332 0.6652282934838485
0 0.8454132398270378 0.6231872286757785 0.7744298109537725 0.610040145541948 0.7530719694801472 0.7253549119959921 0.8240553983534123 0.7385019951298226
0 0.9450053273043469 0.7566291589840818 0.9394220931197296 0.6317915126315193 0.8188410697211068 0.637184373771772 0.8244243039057242 0.7620220201243344
0 0.5034006754587896 0.7678871258794906 0.4977798744904166 0.6424886800005631 0.4092197416942537 0.6464582577468498 0.4148405426626267 0.7718567036257772
0 0.5202359856366687 0.6691909677113983 0.4568752857566931 0.6179787919891087 0.4241346072187569 0.6584861962821476 0.4874953070987325 0.7096983720044372
0 0.5231766824574364 0.6699442780107768 0.48841777366550987 0.6081362354287633 0.4616571535915729 0.6231855706529151 0.4964160623834994 0.6849936132349287