0 0.3289328105805766 0.7654581630263824 0.32663350684224324 0.6529359687500977 0.22201858738812472 0.6550736934623947 0.2243178911264581 0.7675958877386794
0 0.42383292143345763 0.6367071628481178 0.35066731253183586 0.6243193315954214 0.3308841168876316 0.7411637998321894 0.40404972578925336 0.7535516310848858
0 0.3678873265334085 0.6238523666766445 0.32225212805162384 0.6084504870566823 0.29246862917911404 0.6966978903650017 0.3381038276608987 0.7120997699849639
0 0.4085577466430904 0.6090610243621599 0.3653970921181141 0.6026668525221514 0.36126957478289273 0.6305275910523034 0.40443022930786904 0.6369217628923121
0 0.503125 0.6351851859375001 0.40833333281249995 0.6351851859375001 0.40833333281250006 0.7638888890625 0.503125 0.7638888890625
0 0.5097233019820674 0.6155248826550045 0.4419077595842749 0.6034687878110929 0.43113705706527183 0.664053997432295 0.4989525994630643 0.6761100922762064
0 0.5160212049080343 0.674876398378083 0.49759540769513544 0.6052678403422519 0.47208510076564547 0.6120205695408604 0.4905108979785444 0.6816291275766915
0 0.5768663487672979 0.6142744999523313 0.5472783523728932 0.598624878841855 0.5097724207930954 0.6695355648270238 0.5393604171875002 0.6851851859375001
0 0.6032249658567899 0.6420834554284979 0.5792502480332721 0.6040466446141204 0.517736870243901 0.6428187141776961 0.5417115880674188 0.6808555249920737
0 0.6305514717951836 0.6417081762555118 0.5416681027099919 0.6374375080222833 0.5357635093910668 0.7603269760405541 0.6246468784762584 0.7645976442737827
0 0.7887260386960093 0.7609620368153858 0.7866776618994269 0.6296099650390967 0.6721943672913866 0.6313952808022985 0.6742427440879689 0.7627473525785875
0 0.709508373724272 0.6257879945722651 0.6639582621321984 0.6054671471559644 0.6238892497817312 0.6952836762877119 0.6694393613738048 0.7156045237040126
0 0.6692851026253752 0.6092212070177991 0.64295329088325 0.5993467776916462 0.6158556882578747 0.6716070519238471 0.6421874999999999 0.6814814812500001
0 0.7792950902686557 0.6149353104560544 0.7240439480405956 0.5942161347104289 0.7077839608010611 0.6375761061025169 0.7630351030291214 0.6582952818481423
0 0.8452828579211904 0.62340221045992 0.7749745923046182 0.6083361567705236 0.7540133836629115 0.7061551513930323 0.8243216492794836 0.7212212050824288
0 0.9328125 0.6333333328125001 0.8208333328125 0.6333333328125001 0.8208333328125 0.7638888890625002 0.9328125 0.7638888890625002