0 0.329282639333912 0.7654534004586732 0.3270703501458199 0.6603005141792369 0.22445316497352974 0.6624594552915694 0.22666545416162184 0.7676123415710057
0 0.42702921388824694 0.6501712445800368 0.354786265141863 0.6320144390871205 0.3287305732059435 0.7356857604444247 0.4009735219523275 0.7538425659373411
0 0.3731520378068015 0.6353072562436533 0.33463314544502654 0.6149535229618335 0.2948259071091119 0.690287649996416 0.33334479947088685 0.7106413832782359
0 0.4134991085909111 0.6403006815040747 0.3790569460180975 0.6053118184847428 0.35723425532456937 0.6267935299718363 0.391676417897383 0.6617823929911681
0 0.5043905539602849 0.7634512430848942 0.5022850733400136 0.6521238451449791 0.4082534983182503 0.6539022183268328 0.41035897893852163 0.765229616266748
0 0.5167450385307963 0.6546399653129391 0.4542483925903579 0.6168642136445625 0.42617781034744 0.6633045136332504 0.4886744562878785 0.7010802653016273
0 0.522355836203296 0.674074240110474 0.49472355196458634 0.6068518349033308 0.4631238068482892 0.6198411520251097 0.49075609108699886 0.6870635572322528
0 0.5760416671875002 0.6231481484375002 0.5574057728017852 0.6034016843911482 0.5152182728017852 0.643216498453648 0.5338541671875001 0.6629629625000001
0 0.6013526488627289 0.6567118308222932 0.5791322201350368 0.6135010316282064 0.5129343742924112 0.647542163542149 0.5351548030201032 0.690752962736236
0 0.6244791671875001 0.6509259265625 0.5333333328125 0.6509259265625 0.5333333328125001 0.7638888890625 0.6244791671875002 0.7638888890625
0 0.6807665952322285 0.6221836596482582 0.6571922952381143 0.5993027207304131 0.6113215328183859 0.6465635048321551 0.6348958328125001 0.6694444437500001
0 0.7084601011627185 0.6370680573817582 0.6599696149917322 0.6119918283190744 0.6197382376072544 0.6897881765588827 0.6682287237782407 0.7148644056215665
0 0.788101290948483 0.7623776947400951 0.7802214083074108 0.6397470394221998 0.6761266326279101 0.6464358613466759 0.6840065152689822 0.769066516664571
0 0.7801394608348741 0.6208098292277201 0.7207529399587221 0.5974263902655202 0.7030575382622535 0.6423670999685708 0.7624440591384054 0.6657505389307706
0 0.8487724797495881 0.7111558542596014 0.832863121268802 0.6142082161187715 0.7596605329001724 0.6262209504402223 0.7755698913809586 0.7231685885810523
0 0.9383013012234155 0.7569318356232613 0.9316450839530759 0.6363711010724192 0.818827400275369 0.6425998207073232 0.8254836175457086 0.7631605552581652