0 0.32911124033863093 0.7664843766664862 0.3279893956227106 0.6642561747000402 0.22502167152233438 0.6653861348770788 0.22614351623825465 0.7676143368435248
0 0.41770833281249997 0.6398148140625 0.3380208328125001 0.6398148140625 0.3380208328125001 0.7453703703125 0.4177083328125001 0.7453703703125
0 0.3729642153747819 0.6351168904927065 0.33361428601315285 0.6160567678529316 0.29557563425421324 0.6945881754422147 0.3349255636158423 0.7136482980819896
0 0.4110841933378714 0.645002583685854 0.3817270017358165 0.6074253757578475 0.3575956524320105 0.626277991058197 0.38695284403406544 0.6638551989862035
0 0.5005208328125 0.6546296296875 0.41041666718750014 0.6546296296875 0.4104166671875002 0.7638888890625 0.5005208328125001 0.7638888890625
0 0.5175635990663453 0.6613827384769584 0.4581273242556221 0.6184565396929831 0.4240122120756321 0.6656928485246306 0.48344848688635533 0.7086190473086058
0 0.5255517445948578 0.6694993950598609 0.49103610280398496 0.6081382562897788 0.46571463769186927 0.6223815809240341 0.5002302794827421 0.6837427196941162
0 0.5756552653932097 0.6211721565314844 0.5503697447773073 0.6053933988463537 0.5100280021147178 0.6700411985104301 0.5353135227306203 0.6858199561955608
0 0.6012291069203567 0.6587552102629451 0.5787754507276801 0.6149210506124373 0.5134423130671373 0.6483873659864482 0.535895969259814 0.6922215256369559
0 0.6251432174146238 0.7636681085708489 0.6233041176211919 0.6540116716620458 0.5328753741500909 0.6555282947452515 0.5347144739435228 0.7651847316540547
0 0.6786458328125 0.6222222218750002 0.6562378418147956 0.6008717513478423 0.6130086761897957 0.6462421216603422 0.6354166671875001 0.6675925921875001
0 0.7082407412261906 0.6381481490158732 0.6609722224866073 0.6145138890130208 0.6213194438080356 0.6938194442459078 0.6685879625476192 0.71745370424876
0 0.7889077657170989 0.6460073766994109 0.68139559614079 0.6402154762130792 0.6750412950790236 0.7581672081020789 0.7825534646553324 0.7639591085884107
0 0.7800695502908339 0.6219133064058424 0.7206830294146818 0.5985298674436426 0.7029876277182132 0.6434705771466931 0.7623741485943654 0.666854016108893
0 0.8560141317365364 0.7013801571037731 0.8240982994386441 0.6116168981211539 0.7555656767479667 0.635984058109785 0.7874815090458591 0.7257473170924041
0 0.9547069995566577 0.754007872850275 0.8918547519667683 0.6263080702185077 0.7955282487836582 0.6737187717447368 0.8583804963735476 0.8014185743765042