0 0.3301358967753265 0.7652799978980485 0.32675440970271674 0.6549589959442804 0.2198768975389136 0.6582349354239277 0.22325838461152334 0.7685559373776958
0 0.424188385039271 0.6380099716352154 0.3501816445837084 0.6263783962279772 0.33242762918141044 0.7393396043119895 0.4064343696369731 0.7509711797192278
0 0.37071679970549465 0.6262366806713457 0.3273378034342497 0.6099695577232186 0.2940710613399057 0.6986808735390964 0.33745005761115066 0.7149479964872235
0 0.4074214759354735 0.6112051297143641 0.36236378213666803 0.6087019228605909 0.3606714733886947 0.6391634603337268 0.40572916718750013 0.6416666671875001
0 0.5057291671875002 0.6425925921875 0.41041666718750003 0.6425925921875 0.41041666718750014 0.7648148140625 0.5057291671875002 0.7648148140625
0 0.5151069064871279 0.6359108833522249 0.4481302089691937 0.6100261667612281 0.4284479120914573 0.6609541048672547 0.49542460960939144 0.6868388214582516
0 0.5183982937188485 0.6755712755984732 0.49748060511454845 0.604915966429793 0.46663178467981503 0.6140488401976111 0.48754947328411513 0.6847041493662913
0 0.6295151977335294 0.7602240496532567 0.621303561395451 0.6412836086749335 0.5302720020616543 0.6475684185712882 0.5384836383997327 0.7665088595496113
0 0.5997721091784743 0.6444326720411653 0.5776852712105585 0.6091227936763859 0.5163946962102213 0.6474609319448865 0.538481534178137 0.6827708103096659
0 0.5743465311169952 0.6158665889349214 0.5524046152724058 0.5997266225632455 0.5150372513429107 0.6505267008158242 0.5369791671875002 0.6666666671875001
0 0.6776056642117 0.6153863776414895 0.6508672343996793 0.5975886105211186 0.6118032373754791 0.6562763063171291 0.6385416671874999 0.6740740734375
0 0.7087173982202198 0.6284338763425266 0.6579656620653421 0.6063432766588767 0.6195607638451224 0.6945760675038501 0.6703125000000001 0.7166666671875002
0 0.7880208328125 0.6333333328125001 0.675 0.6333333328125 0.675 0.7611111109375001 0.7880208328125001 0.7611111109375002
0 0.7829893871620797 0.6242880877102621 0.7274911560476303 0.593455734778697 0.7056505492989192 0.6327688239778948 0.7611487804133686 0.66360117690946
0 0.8575340663417167 0.704108998089882 0.8269358730295124 0.6061948051933034 0.7579230905570473 0.6277613053771535 0.7885212838692517 0.7256754982737321
0 0.9496657274073186 0.7589136737385032 0.9396593863052874 0.6284606345567006 0.8159083193271404 0.637952903925741 0.8259146604291715 0.7684059431075435