0 0.33171477716831177 0.6612388122604826 0.23004096851614914 0.6543065086612436 0.22226408511676218 0.7683674904604616 0.32393789376892484 0.7752997940597006
0 0.42541996700715484 0.6407052124190082 0.35168543313903167 0.6264032545495118 0.3301722518984428 0.7373156488713064 0.40390678576656597 0.7516176067408027
0 0.37125152339400624 0.6273903609584102 0.32828112629417283 0.610256594788014 0.294199206046835 0.6957318856486627 0.33716960314666844 0.7128656518190588
0 0.4121503795067459 0.6357327793215487 0.38086469881512486 0.601877741476001 0.35829012166131646 0.6227390684018339 0.3895758023529375 0.6565941062473816
0 0.5046875000000001 0.6416666671875 0.40989583281249997 0.6416666671875 0.4098958328125001 0.7648148140625 0.5046875000000002 0.7648148140625
0 0.5069536125195107 0.6258770045559119 0.4385259378295855 0.613046822768536 0.4293874475135949 0.6617854652026525 0.49781512220352014 0.6746156469900285
0 0.5264883150820204 0.6665347867685891 0.49039008549818075 0.6023601495214639 0.4654642704161603 0.6163809190028748 0.5015625 0.6805555562500001
0 0.5759289663445653 0.6180184632414153 0.553826447163091 0.5999789074996825 0.5148766480060257 0.6477011848832673 0.5369791671875 0.6657407406250001
0 0.6021168947985103 0.6484237668739847 0.5785002310772349 0.6089027563398162 0.5138833362787245 0.6475160269658314 0.5375 0.6870370375
0 0.6265625 0.646296296875 0.5354166671875 0.646296296875 0.5354166671875001 0.7629629625 0.6265625000000001 0.7629629625
0 0.6661191237175544 0.6120695741648612 0.6429906746238593 0.6028258023569981 0.6175767972116016 0.6664127863522997 0.6407052463052969 0.6756565581601628
0 0.7087341349708854 0.6295720462441324 0.661167387975404 0.6089121225343865 0.6227720638245537 0.6973122877698197 0.6703388108200352 0.7179722114795657
0 0.794725038951556 0.6417320769268573 0.6786857965227242 0.633947475024415 0.6704578012720791 0.756596050707309 0.7864970437009109 0.7643806526097512
0 0.7812553707246719 0.620141277379637 0.7240657236622517 0.5947236536035231 0.7058526629979938 0.6357030354879221 0.763042310060414 0.6611206592640361
0 0.8474937305880555 0.6302296856485331 0.7810226474455856 0.6071358716663602 0.7489626798892699 0.6994142961234809 0.8154337630317399 0.7225081101056541
0 0.940855389956871 0.7612547902272829 0.9386013046009714 0.633022250386455 0.8204411997332837 0.6350992813987428 0.8226952850891834 0.7633318212395708