0 0.32839083064345725 0.7663979155624208 0.32628712654701864 0.670547882691868 0.22607121415094572 0.6727474085461854 0.22817491824738437 0.7685974414167382
0 0.42003151994435217 0.6496163126103225 0.3429792517105425 0.6445172628607743 0.33621135869543617 0.7467875943130017 0.41326362692924584 0.75188664406255
0 0.37455274625412194 0.6425590222014789 0.33762874554354727 0.6214792763044623 0.29670031899550364 0.6931709019210953 0.3336243197060783 0.7142506478181119
0 0.4128214790975555 0.6269803311540632 0.3645491446396562 0.6132495353933549 0.35570915141949405 0.6443276401708179 0.40398148587739335 0.6580584359315261
0 0.5031864800312602 0.7618033313447752 0.49406842172781057 0.659140746770107 0.4041255016602663 0.6671290980526708 0.41324355996371587 0.769791682627339
0 0.5144261944738532 0.6425398651658726 0.44525524236616754 0.6209239499275955 0.4283503037404544 0.6750197717872195 0.49752125584814005 0.6966356870254965
0 0.5272412155064482 0.667054887549128 0.4896378992210555 0.6113462701336698 0.46280234727211694 0.6294602674727784 0.5004056635575097 0.6851688848882365
0 0.5784021834042814 0.6290939728950645 0.5558900737379544 0.6087803116485665 0.5144670575211732 0.654686338753502 0.5369791671875002 0.675
0 0.6013888528213934 0.6647831774363848 0.5806507826761439 0.6234248680298544 0.5162838850575819 0.6557000083100096 0.5370219552028315 0.69705831771654
0 0.6250000000000001 0.6629629625 0.5354166671875 0.6629629625 0.5354166671875001 0.7638888890625 0.6250000000000002 0.7638888890625
0 0.6800996458475953 0.6281527402208572 0.6571527554964565 0.6055643955539938 0.6142634711456333 0.6491344632040115 0.6372103614967721 0.6717228078708748
0 0.7083182954125139 0.6428317101504955 0.6566139067041241 0.6211511189622854 0.6214100328436535 0.7051061533209756 0.6731144215520433 0.7267867445091856
0 0.7796875000000001 0.6500000000000001 0.6822916671875 0.65 0.6822916671875001 0.7648148140625001 0.7796875000000002 0.7648148140625002
0 0.7779447082284048 0.624507365711396 0.7175332059631617 0.6059720197945572 0.7026093305472569 0.6546128025206613 0.7630208328125001 0.6731481484375001
0 0.8528069334138297 0.7069419171971182 0.8231646466107041 0.6194045622337484 0.7546548100747454 0.6426036664822596 0.7842970968778713 0.7301410214456295
0 0.9316084145308196 0.7560647942618429 0.9247530362375251 0.645200457066453 0.8189703035750027 0.6517416105847568 0.8258256818682973 0.7626059477801467