0 0.3292095406338084 0.7663535501155592 0.3269169885900275 0.6554513283139638 0.22083523906763922 0.6576442323669636 0.22312779111142014 0.7685464541685589
0 0.42470238489299356 0.6388756430303029 0.3514058606701142 0.626381916650314 0.33232900698101464 0.7382994523792065 0.40562553120389405 0.7507931787591954
0 0.37152731250198034 0.626803444837042 0.32774380149761345 0.6097765235868471 0.2941884498967086 0.6960617118769383 0.3379719609010755 0.7130886331271332
0 0.40520833281249996 0.6101851859375 0.3614583328125001 0.6101851859375 0.3614583328125001 0.6416666671875 0.40520833281249996 0.6416666671875
0 0.5046875 0.6453703703125 0.4109375 0.6453703703125 0.41093750000000007 0.7648148140625 0.5046875000000001 0.7648148140625
0 0.5166035444788593 0.6335203630626627 0.44590639191700543 0.6096600743712906 0.42853807255934573 0.6611217620002202 0.49923522512119956 0.6849820506915922
0 0.5199446513214807 0.6736014347660715 0.4959460629030172 0.6024945052299359 0.4673305488271975 0.6121522411098033 0.4913291372456611 0.683259170645939
0 0.5736039135008592 0.6135045086876755 0.5486267155322848 0.6004041371622674 0.5120019692189258 0.6702329612870921 0.5369791671875002 0.6833333328125002
0 0.6020097804513843 0.6455898891960435 0.5777673971292507 0.6080068048321523 0.5137540354317998 0.6492976269739068 0.5379964187539333 0.6868807113377982
0 0.6270833328125 0.6453703703125 0.5354166671875001 0.6453703703125 0.5354166671875003 0.7629629625 0.6270833328125001 0.7629629625
0 0.6648874419073564 0.6106033226243388 0.6423863991431366 0.6017435370893233 0.616967287964353 0.666300010313397 0.6394683307285728 0.6751597958484126
0 0.7083939976121824 0.6286987142877711 0.6598475695211998 0.6085595314949894 0.6224985996016376 0.698590944443988 0.6710450276926201 0.7187301272367698
0 0.7880208328125 0.634259259375 0.6739583328125 0.634259259375 0.6739583328125001 0.7611111109375001 0.7880208328125001 0.7611111109375002
0 0.7829418932701104 0.624946930089683 0.7276297718193543 0.5936592651259194 0.7052830142148763 0.6331651397918958 0.7605951356656323 0.6644528047556595
0 0.8523006623107202 0.6380615404103264 0.7867526997049409 0.6049724278352967 0.7448404043394159 0.6879986970684884 0.8103883669451951 0.721087809643518
0 0.9405743565510315 0.7535800025294687 0.9188171986520836 0.6250768047517082 0.8099586382156462 0.6435078860712864 0.831715796114594 0.7720110838490467