0 0.3286753248510933 0.7665165034351167 0.32756945074128624 0.6589010208869729 0.222852458702693 0.6599771096393561 0.22395833281250002 0.7675925921874999
0 0.4239017323443015 0.6405474360905641 0.3502372186578249 0.6290373553414705 0.3330214724769951 0.7392181262505297 0.4066859861634716 0.7507282069996233
0 0.3728810794996094 0.6296508460967826 0.33047257419692927 0.611231329532386 0.2940246076077021 0.6951479610556512 0.33643311291038225 0.7135674776200478
0 0.4135435392585082 0.6337807539015488 0.37777297538485033 0.6031623276797984 0.357900622668775 0.6263785850080495 0.3936711865424328 0.6569970112298
0 0.5065591841277617 0.7643124686069814 0.5046182453084944 0.6464003174243376 0.4087651586714983 0.6479781444331261 0.41070609749076564 0.76589029561577
0 0.5108814120948997 0.6307549879832715 0.44499905964480674 0.6122255734614617 0.43203431473740717 0.6583224370406902 0.4979166671875001 0.6768518515624999
0 0.5307520704911086 0.657568773059414 0.4870414539687351 0.6020632196459138 0.45785188347762656 0.6250500028365 0.5015625000000001 0.6805555562500002
0 0.5760715233596276 0.619032594249877 0.5567085403196672 0.6009570430400499 0.5139703497725396 0.6467392628526731 0.5333333328125002 0.6648148140625002
0 0.6008545637129696 0.6537652509186465 0.5812041578489382 0.6106571735932784 0.5153742177445784 0.640665123873499 0.5350246236086098 0.6837732011988671
0 0.6297735017937176 0.7609389822272258 0.6205385610302991 0.6375659248902278 0.5283488068983698 0.6444666772650104 0.5375837476617883 0.7678397346020083
0 0.6771621363703788 0.6158090652553956 0.6488789670876574 0.5986759915694062 0.6107793307172786 0.6615706294390105 0.6390625000000001 0.678703703125
0 0.7086383573162945 0.6296970269395479 0.6563974356973243 0.6080191854002093 0.6193018842247555 0.6974148843850114 0.6715428058437258 0.71909272592435
0 0.7888014997014847 0.7606326176757853 0.7840835837462128 0.6348214052282177 0.6733018687018486 0.6389757155698179 0.6780197846571205 0.7647869280173855
0 0.7793593037810995 0.6175418586123689 0.7204551943007406 0.595452816176669 0.7045471841432037 0.6378741739454321 0.7634512936235626 0.659963216381132
0 0.8597983351260966 0.7029807067308556 0.8235968305415116 0.6064434245245666 0.7560169294906616 0.6317859040496302 0.7922184340752467 0.7283231862559191
0 0.9383058049046153 0.7553657282840559 0.9368621144177404 0.6343662999775475 0.8214303082628582 0.6357435610337441 0.8228739987497333 0.7567429893402526