0 0.3301642510307158 0.7652791288019893 0.3267803196280975 0.6548783805916631 0.21981774474597446 0.6581569273580217 0.2232016761485927 0.7685576755683478
0 0.4263624562528353 0.6350651207867822 0.35403907754257957 0.6203354669898696 0.3300535015069099 0.7381059131340267 0.40237688021716556 0.7528355669309393
0 0.37099931587243606 0.6246229167773972 0.3241396218561253 0.6086194945620207 0.2930348937284183 0.6996973917085711 0.339894587744729 0.7157008139239478
0 0.41034764481977 0.6361660039682399 0.38463850627707663 0.6014301006365155 0.3586217229372505 0.62068594324211 0.38433086147994383 0.6554218465738344
0 0.503125 0.6398148140625 0.41041666718750003 0.6398148140625 0.41041666718750014 0.7629629625 0.503125 0.7629629625
0 0.5093990812569911 0.6295711380499945 0.4462733414925656 0.6095312196982523 0.43186310196489136 0.654923472021871 0.49498884172931684 0.6749633903736132
0 0.5152493856794742 0.6756943839480409 0.4981850163013603 0.6039895675011323 0.4660695749322897 0.6116324258392295 0.4831339443104037 0.6833372422861381
0 0.5740227116585725 0.6126582255568863 0.5489047049384432 0.5997760125687133 0.5132438028844728 0.6693083808240639 0.5383618096046021 0.6821905938122368
0 0.6035771246452453 0.6460841544831732 0.5816236965470172 0.6080364903739053 0.5179404398298834 0.6447816054849284 0.5398938679281114 0.6828292695941964
0 0.628125 0.6416666671875 0.5364583328125 0.6416666671875 0.5364583328125001 0.7629629625 0.628125 0.7629629625
0 0.6634059772117787 0.6084297026470687 0.6370806623886297 0.6025470765442286 0.6197107832569893 0.6802789480904611 0.6460360980801383 0.6861615741933013
0 0.7084853676487668 0.6263989995080648 0.6611284881608773 0.6066553591646311 0.6222217583936057 0.6999766150630826 0.6695786378814952 0.7197202554065163
0 0.7885416671875001 0.6333333328125 0.6744791671875 0.6333333328124999 0.6744791671875001 0.7611111109375001 0.7885416671875002 0.7611111109375002
0 0.7826148594568967 0.6226723713274392 0.726728903517036 0.5928665259240752 0.7055831890522108 0.6325147375720065 0.7614691449920715 0.6623205829753706
0 0.8477847961710893 0.6287857893689345 0.7799866015666878 0.6059038984243555 0.7478485034328356 0.7011278917897499 0.8156466980372372 0.7240097827343288
0 0.944812099362674 0.7545831837914175 0.9232278083420352 0.6240656841989596 0.8098159430399695 0.6428211362534112 0.8314002340606083 0.7733386358458691