0 0.32877131872576154 0.7654508201407826 0.3264717976005442 0.6529179874922014 0.2216588116872827 0.6550597595389187 0.22395833281250002 0.7675925921875
0 0.4240835510614572 0.6367495975054001 0.350716427190161 0.6243276473069764 0.33096226042473953 0.7410006637739752 0.4043293842960357 0.7534226139723988
0 0.36886513595018783 0.6239588216727785 0.3227602146737352 0.6080234613449819 0.2914409613743388 0.6986377730456836 0.3375458826507914 0.7145731333734802
0 0.40814628470481457 0.6089185602818487 0.3643845446017627 0.6050286247649218 0.3617061170147936 0.6351609113891457 0.4054678571178455 0.6390508469060724
0 0.5046637504896403 0.6386837752502272 0.4108531371588174 0.6373307348453751 0.40902651978656035 0.7639759520892062 0.5028371331173832 0.7653289924940584
0 0.5169484427795099 0.6392303921957782 0.45198940864173753 0.6079108567607973 0.42943887384070073 0.6546823346777229 0.49439790797847305 0.6860018701127037
0 0.5170074486574037 0.6743598105515304 0.49687217003442913 0.6027677213655023 0.46815422226489395 0.6108446455954558 0.4882895008878685 0.6824367347814839
0 0.5749417367515466 0.6122552238518205 0.5490041206953791 0.5970120356428639 0.5110415511313324 0.6616086633535435 0.5369791671875002 0.6768518515625
0 0.6021115903552027 0.6412995640450834 0.5784280901615866 0.6058752376605288 0.5169414998063837 0.6469830814279454 0.5406249999999998 0.6824074078125
0 0.6308162996275161 0.7637698389339376 0.6212345442265323 0.6343097059447771 0.5328753684057818 0.6408494490347818 0.5424571238067654 0.7703095820239422
0 0.667335508258726 0.6086456862450917 0.6437740738789821 0.5981344433113956 0.6149952110829073 0.6626435876219766 0.6385566454626511 0.6731548305556727
0 0.7085621273400171 0.6252666894574279 0.65755173652552 0.6040585658265994 0.6175954659094673 0.7001625406568814 0.6686058567239646 0.7213706642877099
0 0.7950652955265 0.6360670689713863 0.6785817606348685 0.6293870048147352 0.6712524085179103 0.757192490365157 0.7877359434095417 0.763872554521808
0 0.7831075504094329 0.6242489157535018 0.7304854043462132 0.5930654266625336 0.7095040195287743 0.628471519074164 0.762126165591994 0.6596550081651322
0 0.8453361320471451 0.7125616827779063 0.8359849218750209 0.610867286621207 0.7627410257807867 0.6176023584844298 0.772092235952911 0.7192967546411291
0 0.9422257116718324 0.7573645761417587 0.9367561116390399 0.6309561085973141 0.8179880885364093 0.6360951123023345 0.8234576885692017 0.7625035798467791