0 0.32927323884513776 0.7654512066389214 0.3269730655586163 0.652886458841535 0.22201771783993665 0.6550311399412929 0.2243178911264581 0.7675958877386794
0 0.4263922921564123 0.6393382336194876 0.35634871977860094 0.6218273417562694 0.32733864541657676 0.7378676473634502 0.3973822177943881 0.7553785392266684
0 0.36834618735781144 0.6235832501102685 0.32276112220677877 0.6078777711492902 0.291702856376871 0.6980242146198845 0.33728792152790366 0.7137296935808629
0 0.4093817748197074 0.6095054199022246 0.366672464708623 0.6028059198336072 0.3621779887434361 0.631458202215567 0.4048872988545204 0.6381577022841844
0 0.5066354606458463 0.6401656386698452 0.41194095637389083 0.6360682802922252 0.4064702177109877 0.7625031287825706 0.5011647219829432 0.7666004871601906
0 0.5178304278583943 0.644227382204104 0.4541311175917304 0.6083965268973879 0.428730837044591 0.6535525896701698 0.4924301473112548 0.6893834449768859
0 0.515708234194882 0.675123063899562 0.4973054044287505 0.6024205317773768 0.468377623513864 0.609742876847751 0.4867804532799956 0.6824454089699363
0 0.5751470194705937 0.6116888355329078 0.5482960378115266 0.5970047052625985 0.5101281855284331 0.666797350979691 0.5369791671875002 0.6814814812500002
0 0.6034562683779493 0.6415940935638104 0.5773701817498994 0.6057257255507487 0.5159803550514243 0.6503728736104046 0.5420664416794742 0.6862412416234662
0 0.6276041671875 0.640740740625 0.5390625 0.640740740625 0.5390625000000001 0.7666666671875 0.6276041671875001 0.7666666671875
0 0.7895706303527663 0.7616305332168725 0.7853861204825902 0.6277262864156176 0.6704809718868139 0.6313170741607347 0.67466548175699 0.7652213209619896
0 0.708893851079868 0.6245896594273649 0.6571456495458341 0.6033576762405672 0.6175253103548056 0.6999233752271335 0.6692735118888395 0.7211553584139311
0 0.6658347370186266 0.6084534642669912 0.6430644426386075 0.5988472463441828 0.6157713728074808 0.6635419305146917 0.6385416671875 0.6731481484375
0 0.7821331048226683 0.6209955229257039 0.7285646388309959 0.5929858688027279 0.7085930421643483 0.63118154919705 0.7621615081560207 0.6591912033200262
0 0.8590904205292139 0.69086722246127 0.8197433444089439 0.6023362928908866 0.754692871907383 0.6312476112922549 0.7940399480276531 0.7197785408626381
0 0.9426326386173667 0.7566301119606668 0.938026472259855 0.630536322821854 0.8190431020516289 0.6348827478178793 0.8236492684091405 0.7609765369566921