0 0.3293220427813136 0.7653049436174584 0.32595424396320427 0.6554305209109457 0.2211113683693907 0.6586440960434873 0.2244791671875 0.76851851875
0 0.42696465032431163 0.6411875503647267 0.3580022789436531 0.6228694195323126 0.32788285448046084 0.7362601881977973 0.39684522586111937 0.7545783190302114
0 0.3710196947394732 0.6247497069491326 0.32485624777816413 0.6086749356202835 0.29350999411076256 0.6986949482853377 0.33967344107207165 0.7147697196141868
0 0.4100287329489789 0.6349572390793662 0.3842870538409456 0.6011324257388909 0.35865845109999556 0.6206365471986055 0.3844001302080288 0.6544613605390807
0 0.5063796647280493 0.7631050298767679 0.5014901133555701 0.642088615874278 0.40677823963905224 0.6459153576922197 0.4116677910115314 0.7669317716947096
0 0.5165274881608238 0.6615812450257722 0.4665381983014766 0.6125495983345358 0.43517433167025865 0.6445260365319112 0.4851636215296059 0.6935576832231476
0 0.5280710285380629 0.6630618030789723 0.4890280408913016 0.6005930087886766 0.4618536779525949 0.6175769818039737 0.5008966655993562 0.6800457760942695
0 0.5749197047000847 0.6130816365126611 0.5478360799894659 0.5980586889715381 0.5098955424768812 0.6664585337088772 0.5369791671875 0.68148148125
0 0.6040091267910531 0.6461918077915322 0.5824103190548587 0.6058246830116498 0.518700952271474 0.6399129756917068 0.5402997600076683 0.6802801004715893
0 0.6265625000000001 0.640740740625 0.5364583328125 0.640740740625 0.5364583328125001 0.7675925921875 0.6265625000000001 0.7675925921875
0 0.6643101274085896 0.6094085666284607 0.6407820746272307 0.6015308707349782 0.6185418952396893 0.6679548761259315 0.6420699480210482 0.6758325720194139
0 0.7092109572386534 0.6248746497328364 0.6595331015038268 0.6064436365681516 0.6237596442651735 0.7028652837103154 0.6734375 0.7212962968750002
0 0.7885416671875001 0.6324074078125002 0.6744791671875 0.6324074078125 0.6744791671875001 0.7620370375000001 0.7885416671875002 0.7620370375000002
0 0.7829191420573574 0.6238845084286883 0.7283197417742746 0.5931723256145931 0.7055637931446554 0.6336273188519878 0.7601631934277382 0.6643395016660829
0 0.8482520462048063 0.6278917784318028 0.7795333563272323 0.6058036288746999 0.7469255777837954 0.7072500545035268 0.8156442676613693 0.7293382040606298
0 0.9357413870120505 0.7545284166318201 0.9264814975916295 0.629519889923554 0.8155759734256922 0.6377351126522168 0.8248358628461132 0.762743639360483