0 0.9291502363715558 0.7535882359960796 0.9207777501942784 0.6490368161642192 0.8183853194642134 0.6572364103191717 0.826757805641491 0.7617878301510321
0 0.8482925597679589 0.7075029716116136 0.8240045219418741 0.626542854632676 0.7541459597075951 0.6475004256606859 0.77843399753368 0.7284605426396235
0 0.7820443019163807 0.6375321651423649 0.7257236528489427 0.6097194985885643 0.7027076821651791 0.6563268386405939 0.7590283312326171 0.6841395051943945
0 0.7765625 0.6564814812500002 0.6822916671875 0.65648148125 0.6822916671875001 0.7648148140625001 0.7765625000000002 0.7648148140625002
0 0.7071657556008418 0.6498431448277808 0.6530754350301308 0.626742069853932 0.6199876135859489 0.7042159913458231 0.6740779341566598 0.7273170663196719
0 0.685267442615875 0.6382578690160149 0.6635179295182028 0.6074978440833532 0.614014281533196 0.6425004243019801 0.6357637946308683 0.6732604492346419
0 0.6242473675083408 0.762802314627521 0.6229640455957963 0.6689594650115367 0.5347047926156044 0.6701664299939277 0.5359881145281489 0.764009279609912
0 0.6023026791949728 0.6717266753422629 0.5795909256380798 0.6266136801730187 0.5150046157739366 0.6591291083169605 0.5377163693308297 0.7042421034862048
0 0.5800212987502313 0.637287698034271 0.5609540186743398 0.6131556724423467 0.5177284693624254 0.647309193953626 0.536795749438317 0.6714412195455502
0 0.5013843892044618 0.7637196984576817 0.5000130730684563 0.6680703030932615 0.4098345174016777 0.6693631843293255 0.41120583353768325 0.7650125796937457
0 0.5210017263388855 0.6696579351371902 0.4583854388158362 0.6273919415874568 0.4226029138507442 0.6804030903465287 0.4852192013737936 0.722669083896262
0 0.5239490611312423 0.6722057354367358 0.49236832246924234 0.6160622039852168 0.46823380247638546 0.629637872435738 0.4998145411383855 0.6857814038872568
0 0.4205607799187036 0.6559488879660131 0.3434942798377954 0.650168896991952 0.3362104854429961 0.7472860973189464 0.41327698552390435 0.7530660882930075
0 0.37436585039683923 0.6477048671923006 0.33845440801829846 0.6265577974767117 0.29747808141230103 0.6961428043635426 0.3333895237908418 0.7172898740791315
0 0.4148530913384869 0.6484776039129369 0.37871987037017285 0.6138885360833131 0.35509568138121655 0.6385673752223109 0.39122890234953056 0.6731564430519346
0 0.3275087154319025 0.7665152675430541 0.3256251414673415 0.6769866290809148 0.22636009996617618 0.6790750451561993 0.22824367393073725 0.7686036836183386