0 0.33012452736579456 0.7662518629263142 0.3277265349572152 0.6583421883537891 0.22320638968939388 0.6606648579002291 0.22560438209797326 0.7685745324727542
0 0.37281154384777204 0.6327892404197524 0.3321203195409552 0.6137689582796279 0.2945107177118985 0.6942294232107862 0.33520194201871534 0.7132497053509106
0 0.42720167004249526 0.6482408790561693 0.35515940893161846 0.6298209817760869 0.3280675832875475 0.7357801164739204 0.4001098443984243 0.7542000137540028
0 0.41014438656574875 0.6176054861695736 0.36327825759300225 0.6095424957510976 0.3583122581877232 0.6384073655484231 0.4051783871604697 0.6464703559668991
0 0.507218299556134 0.7627640605932167 0.5057567281452119 0.6484875228226035 0.4084952290728707 0.6497314756864268 0.4099568004837927 0.76400801345704
0 0.5181008895020719 0.6502280381118041 0.45400592918697774 0.6141746339195886 0.42352250468524416 0.6683674051011972 0.48761746500033826 0.7044208092934128
0 0.5234643619601215 0.6726732378155563 0.49373925343437575 0.6057918063339895 0.46242483012956564 0.6197093408504744 0.49214993865531137 0.6865907723320411
0 0.5774086457804071 0.6209385873848827 0.5514546676817738 0.6038302522458585 0.5091652677274272 0.6679848383759763 0.5351192458260605 0.6850931735150005
0 0.6004680784293998 0.6560678190244854 0.5828615824562601 0.6139772902684693 0.5171089729304318 0.6414816502528863 0.5347154689035714 0.6835721790089024
0 0.6239583328125 0.6509259265625 0.5333333328125 0.6509259265625 0.5333333328125001 0.7638888890625 0.6239583328125 0.7638888890625
0 0.6791020730788612 0.6169643440190471 0.6502705562063701 0.5988386478551632 0.6097101503150091 0.6633557850861161 0.6385416671875 0.6814814812500001
0 0.7085319973558614 0.6353851302148478 0.6624273879169509 0.6107926939656584 0.6205930044317796 0.6892216016248172 0.6666976138706902 0.7138140378740067
0 0.7864583328125001 0.6416666671875001 0.6765625 0.6416666671875 0.6765625000000001 0.7611111109375001 0.7864583328125001 0.7611111109375002
0 0.7803011003346101 0.6205098970914859 0.7209456689807886 0.5970608414551263 0.7039296298757394 0.6401326971697598 0.763285061229561 0.6635817528061192
0 0.8478226306428669 0.6291857154847722 0.7761243573571865 0.6117293275208332 0.7508136367445092 0.7156875442661346 0.8225119100301894 0.7331439322300735
0 0.9386204773049547 0.7568303155425824 0.9330708738546291 0.6358662831552176 0.8184517599774027 0.6411247936173142 0.8240013634277286 0.762088826004679