0 0.3286753248510933 0.7665165034351167 0.3275593868355207 0.6579216760721576 0.22284239479692744 0.6589977648245408 0.22395833281250002 0.7675925921874999
0 0.42747536328384383 0.643134917869796 0.3545516781565102 0.6258155437800926 0.32855472767239463 0.7352763950530953 0.4014784127997283 0.7525957691427989
0 0.37158325155325445 0.6280613084596893 0.3295549806582841 0.6105495289201184 0.2937952010262575 0.6963730000369823 0.33582347192122786 0.7138847795765533
0 0.41249288732034195 0.6345608761727808 0.37929413278842306 0.6017719823980615 0.35738224252771034 0.6239577710097108 0.3905809970596292 0.6567466647844301
0 0.6265625 0.6453703703125 0.5354166671875 0.6453703703125 0.5354166671875001 0.7629629625 0.6265625000000001 0.7629629625
0 0.5042283020744861 0.7646862037049298 0.501060460596099 0.6560029218055916 0.4138904785014407 0.6585437052648679 0.41705831997982773 0.7672269871642061
0 0.5157391311683284 0.6402933973487043 0.4505543842300638 0.6113151536960035 0.42982882506019615 0.6579360029729034 0.49501357199846086 0.6869142466256043
0 0.5362244220538382 0.6492335623235729 0.4897354984153619 0.5987169218516899 0.46169545136152373 0.6245213220281173 0.5081843750000001 0.6750379625
0 0.6076235795759323 0.6436170932451233 0.5845655706234038 0.6047153788479992 0.5116618945734877 0.6479271920311088 0.5347199035260163 0.6868289064282329
0 0.5754463546875 0.6136490734375002 0.5651356133144065 0.6000617536686603 0.5232173023769066 0.6318714755436604 0.5335280437500001 0.6454587953125002
0 0.6849703124999997 0.6041231484375 0.6526446284836745 0.5849338363716582 0.6074066081711746 0.6611403176216581 0.6397322921874998 0.6803296296875
0 0.7056423786608645 0.6247057436700197 0.6569996214400711 0.6083072655170604 0.6221755115678993 0.7116059195837238 0.6708182687886927 0.7280043977366832
0 0.7804967439319241 0.7500202033972998 0.7727076031347797 0.6291937469283079 0.6735478290158163 0.6355861337001889 0.6813369698129608 0.7564125901691808
0 0.789014154008142 0.6524412732153682 0.7354419582502869 0.5942276793365437 0.7018352862998569 0.6251548750057561 0.755407482057712 0.6833684688845805
0 0.8478359091316605 0.6234001976172389 0.7758443269647555 0.61051810452162 0.7552407100205951 0.7256614256543813 0.8272322921875002 0.73854351875
0 0.9365434347414945 0.7595590702531966 0.9244091713711526 0.6301143474944044 0.8113159911392801 0.6407158027339529 0.823450254509622 0.770160525492745