0 0.3292667137756945 0.7654529936949492 0.3270013387315627 0.6539540470455998 0.22169295776836817 0.6560936455381505 0.22395833281250002 0.7675925921875
0 0.41770833281249997 0.622222221875 0.3411458328125001 0.622222221875 0.3411458328125001 0.7453703703125 0.4177083328125001 0.7453703703125
0 0.36966071402385137 0.6240114274362945 0.322298037762393 0.607766607858219 0.29159023149012436 0.6972969273661034 0.3389529077515827 0.7135417469441789
0 0.4091402148429196 0.6093822126010155 0.36570381044566036 0.6027633312927078 0.3614606873030365 0.6306088242310757 0.40489709170029575 0.6372277055393835
0 0.5050926238949403 0.764064124588762 0.5026990456633359 0.6415427136443204 0.4070650105394864 0.6434110201134381 0.40945858877109076 0.7659324310578798
0 0.5000114490347514 0.6200355242530364 0.44162886581516003 0.6105999470453363 0.4346685331780331 0.6536669677986061 0.4930511163976245 0.6631025450063063
0 0.5146499455496987 0.675759028649295 0.49807871246085417 0.6021090844768747 0.4687311010030867 0.6087122953215289 0.48530233409193124 0.6823622394939493
0 0.6270833328125 0.634259259375 0.5385416671875001 0.634259259375 0.5385416671875001 0.765740740625 0.6270833328125001 0.765740740625
0 0.574325838973254 0.6139574964196386 0.5577490098117817 0.5967808483945735 0.5191703248784878 0.6340123424835402 0.5357471540399602 0.6511889905086053
0 0.60134886398845 0.6388047517079782 0.5721651227660158 0.6052962910516736 0.5123339665900658 0.6574054284061954 0.5415177078124999 0.6909138890625001
0 0.7891851180703553 0.7606225395782367 0.7835991851509668 0.6282152390931975 0.6697783242849924 0.6330170566009581 0.6753642572043809 0.7654243570859973
0 0.7092977198776255 0.6250069255553273 0.6630422544455521 0.6058026472724624 0.6228593252713619 0.7025873357673493 0.6691147907034353 0.7217916140502142
0 0.6666878774909352 0.6082228010792058 0.6406533783071019 0.5999111113340687 0.6166738336286668 0.6750216430673632 0.6427083328125001 0.6833333328125002
0 0.7836471994487963 0.6255299709625233 0.7305950559789967 0.5918460651137419 0.7075807467750427 0.6280935964786554 0.7606328902448424 0.6617775023274367
0 0.844453550592854 0.6214601228258624 0.7736001418999674 0.6093692673288571 0.7535755246549352 0.7267151730782321 0.8244289333478217 0.7388060285752374
0 0.9455366496645728 0.7565050034187689 0.9409635678617845 0.6313169064308528 0.8180689922821825 0.6358062066180642 0.8226420740849709 0.7609943036059803