0 0.33353722507966477 0.6616384928323363 0.2322299104009518 0.6526334000515293 0.22194900448639815 0.7682936154451772 0.3232563191651111 0.7772987082259843
0 0.42398264234369376 0.6387806881663597 0.3500174308153664 0.6273241186213637 0.33277011178567273 0.7386752168115759 0.40673532331400014 0.7501317863565719
0 0.37128178176150645 0.6267338548979693 0.32730857391838425 0.610037777401552 0.2942433987574347 0.6971230116449645 0.33821660660055686 0.7138190891413819
0 0.4069015191816381 0.6112423137268906 0.36300346305691317 0.6086409456495786 0.3613102766877751 0.6372134459851881 0.40520833281250007 0.6398148140625002
0 0.5075436834191895 0.6498209088810226 0.41234203765122424 0.6470024334031583 0.4089047909118406 0.7631047550553777 0.504106436679806 0.765923230533242
0 0.5061327310622282 0.624699510858194 0.4387113471975076 0.6120580005934645 0.42923742098338674 0.6625856039108002 0.4966588048481073 0.6752271141755297
0 0.517769607107416 0.6761437921008784 0.49743118531389624 0.6038293953663264 0.46654129012568946 0.6125171774106339 0.48687971191920953 0.6848315741451859
0 0.574179136209015 0.6155813130955766 0.549062640125733 0.6003320122145099 0.511862671104218 0.6616025506814334 0.5369791671874999 0.6768518515624999
0 0.6031450390841643 0.648035371253324 0.5841522688289519 0.6095750119672733 0.5196203105795452 0.6414426460690295 0.5386130808347576 0.6799030053550802
0 0.6315231199668762 0.7593446534118108 0.6182799816253173 0.6401563915769306 0.5273246961952115 0.6502625329813215 0.5405678345367704 0.7694507948162016
0 0.664724836745621 0.6108673965803998 0.642727703268168 0.601886712109126 0.6165445337100471 0.6660193155287262 0.6385416671875002 0.675
0 0.708015814353584 0.6263068507345098 0.6586874454830689 0.6084465790819438 0.6246299639419849 0.7025100986599341 0.6739583328124998 0.7203703703125001
0 0.790739828499853 0.633894682109567 0.6755891867168244 0.6316611589396122 0.6730766182184922 0.7611981518836538 0.7882272600015207 0.7634316750536086
0 0.7803382837781436 0.6172691680895234 0.7229378693363087 0.5942064961365142 0.7058798513993001 0.6366619974390332 0.7632802658411351 0.6597246693920423
0 0.8448251731043979 0.6222228541478324 0.7729525895585099 0.6113550243873652 0.7539030824855273 0.7373357692819257 0.8257756660314153 0.7482035990423929
0 0.9453621756559869 0.7506018068346343 0.9158856584168273 0.6229316414803473 0.8063003407386615 0.6482327249146438 0.8357768579778211 0.7759028902689307