0 0.32729198000724435 0.7666002970828296 0.3263755051800262 0.6774157523056539 0.2272563699436862 0.678434316593521 0.2281728447709043 0.7676188613706968
0 0.4171875 0.6537037031249999 0.3390625000000001 0.6537037031249999 0.3390625000000001 0.7490740734375 0.4171875000000001 0.7490740734375
0 0.3741793392568948 0.6468293219899932 0.3377797346456047 0.6263545452010986 0.29865696143679943 0.6959061447511397 0.3350565660480896 0.7163809215400344
0 0.4113957714027456 0.6545436867374922 0.3817455078129684 0.6138120099511085 0.3545105819677946 0.6336374331565532 0.3841608455575718 0.6743691099429368
0 0.5062500000000001 0.6675925921875 0.41145833281250005 0.6675925921875 0.41145833281250016 0.765740740625 0.5062500000000002 0.765740740625
0 0.5131388817635899 0.6485820262801552 0.4458599638571269 0.6265061341508606 0.42760588853120185 0.6821376088889353 0.4948848064376648 0.7042135010182298
0 0.5209698829094932 0.6765582433996169 0.49536852388080865 0.6158735371981143 0.4675136011407061 0.627624832086446 0.49311496016939066 0.6883095382879486
0 0.5817481411020945 0.6357920812965456 0.5565765710574601 0.6118987555099069 0.5123284299553655 0.6585140820258613 0.5375 0.6824074078125
0 0.6014462634044124 0.672032786319388 0.5815136438506389 0.6275710163170798 0.517652783838998 0.6562004259632264 0.5375854033927717 0.7006621959655346
0 0.6239583328125 0.66851851875 0.5354166671875 0.66851851875 0.5354166671875001 0.7638888890625 0.6239583328125001 0.7638888890625
0 0.6842439033910375 0.6358095857037697 0.6604353219330248 0.6080450051805699 0.6147330857294875 0.6472354194768004 0.6385416671875002 0.6750000000000002
0 0.7089625424282892 0.6485085399717558 0.6552423352476204 0.6258453276116752 0.6217779573271784 0.705168297652095 0.6754981645078472 0.7278315100121755
0 0.7770833328125001 0.6564814812500002 0.6828125 0.65648148125 0.6828125 0.7648148140625001 0.7770833328125002 0.7648148140625002
0 0.7807618976302269 0.6343172060875929 0.7224138496336381 0.6096196193252905 0.7021389272925015 0.6575191227574818 0.7604869752890903 0.6822167095197841
0 0.8483578527604466 0.6521403242358436 0.7846733292111215 0.6221268420786238 0.7482346491990841 0.6994447608451639 0.8119191727484092 0.7294582430023837
0 0.9299978502401475 0.7550648525640373 0.9254166732122249 0.6500556696136688 0.8206458160347141 0.654626449336088 0.8252269930626366 0.7596356322864566