0 0.3276041671875001 0.6564814812499999 0.2239583328125001 0.6564814812499999 0.2239583328125001 0.7675925921875 0.3276041671875001 0.7675925921875
0 0.42406114072703394 0.6377862394411947 0.35065941985383386 0.6259895338584825 0.33230850332031714 0.7401730102295944 0.40571022419351727 0.7519697158123065
0 0.3710660396875859 0.625084290829063 0.32527820307235195 0.6083275975468438 0.2923893725600294 0.6981966649458565 0.3381772091752634 0.7149533582280757
0 0.4079358960910917 0.6095134855218451 0.3635735058444348 0.6068846013295013 0.3617162862306925 0.6382251607647662 0.40607867647734947 0.6408540449571101
0 0.5037830981869866 0.7644228103161106 0.5018823759118953 0.6425388725419373 0.40837170734732753 0.6439971271236745 0.41027242962241883 0.7658810648978477
0 0.5103416769115069 0.6262591598973677 0.4407402482506687 0.6105988543047551 0.428315238526662 0.6658211756573877 0.4979166671875001 0.6814814812500002
0 0.5252765221911537 0.6676244061032939 0.4916559784710315 0.6012134547148907 0.4668640453838607 0.6137643706833845 0.500484589103983 0.6801753220717878
0 0.5748585804351368 0.6131686469447298 0.548798316610495 0.5989169404805661 0.5114397361753583 0.6672297747858364 0.5375000000000001 0.6814814812500002
0 0.6042212235294149 0.6449435072513132 0.5804445139175504 0.6073678148687497 0.5167551363383196 0.6476684384911761 0.5405318459501841 0.6852441308737396
0 0.6353412199987496 0.6467090467146052 0.5437838295794298 0.6368442705944674 0.5305779438666762 0.7594113131011169 0.6221353342859959 0.7692760892212547
0 0.6645580647014314 0.6094929498946084 0.6419892517566348 0.6007651665823006 0.6170145198677035 0.6653462901251922 0.6395833328125 0.6740740734375
0 0.7091339165601795 0.6257682337762315 0.6624443823802032 0.6067502986815251 0.6237821541758765 0.7016670925516655 0.6704716883558528 0.720685027646372
0 0.7885416671875001 0.6333333328125 0.6739583328125 0.6333333328124999 0.6739583328125001 0.7620370375000001 0.7885416671875002 0.7620370375000002
0 0.7822210595808793 0.620251956963051 0.7257727916490794 0.5928831065484581 0.7059462781716537 0.6337753007025256 0.7623945461034536 0.6611441511171184
0 0.8474609376857798 0.6278296643274828 0.7792642500657401 0.6060167523011618 0.7465996417385827 0.7081405809596227 0.8147963293586225 0.7299534929859438
0 0.9412663652518475 0.7557260382411505 0.9316538826449104 0.6282748134098415 0.8157657885124033 0.6370151946080155 0.8253782711193404 0.7644664194393245