0 0.3285148109141714 0.7665156486038678 0.32743772112616404 0.6671540175102806 0.22559611160711582 0.6682579905066968 0.22667320139512315 0.767619621600284
0 0.41822916718750003 0.64444444375 0.33854166718750006 0.64444444375 0.33854166718750006 0.746296296875 0.41822916718750014 0.746296296875
0 0.374718234253394 0.6392835515140451 0.3364413752388068 0.618079042140784 0.2957158421962744 0.6915938525578851 0.3339927012108616 0.7127983619311461
0 0.410893444537262 0.650089055033168 0.3830783953316382 0.6088815742134466 0.3566722125037065 0.6267057473994981 0.38448726170933034 0.6679132282192197
0 0.49895833281250007 0.659259259375 0.4109375 0.659259259375 0.41093750000000007 0.7638888890625 0.4989583328125001 0.7638888890625
0 0.5181008910389302 0.6548576901365768 0.4551928875530959 0.6194719226945209 0.4262317623651654 0.6709583449477431 0.48913976585099983 0.706344112389799
0 0.5194961042699543 0.6785575420777927 0.49821855838321333 0.6116333036636065 0.469775700783881 0.620676278556714 0.49105324667062183 0.6876005169709003
0 0.5779218302574326 0.6285257565529064 0.5609609706089123 0.6076398331711504 0.5170649319962078 0.6432865477754207 0.5340257916447282 0.6641724711571767
0 0.6000309916664899 0.6612065844589243 0.5771429106367559 0.6200795655014669 0.5140910861577661 0.6551692779175428 0.5369791671875 0.6962962968750002
0 0.6244791671875001 0.6574074078125001 0.5348958328125 0.6574074078125001 0.5348958328125001 0.7638888890625 0.6244791671875002 0.7638888890625
0 0.6781250000000001 0.6231481484375002 0.6560301614705772 0.6028108533042447 0.6140733494215735 0.6483935613958531 0.6361681879509964 0.6687308565291087
0 0.7088501317061413 0.6391244709081638 0.6573679464382991 0.6166564911041164 0.6218771565470979 0.6979785964476394 0.6733593418149402 0.7204465762516866
0 0.7823659403664134 0.76353900285819 0.7801226816934824 0.6461884161798991 0.6797371944103334 0.6481073722018376 0.6819804530832643 0.7654579588801285
0 0.779557924571278 0.6235167335534479 0.7193554888257652 0.602351807196662 0.7030547227366843 0.6487184142208294 0.7632571584821972 0.6698833405776152
0 0.8552942437204403 0.6941747819828634 0.8198990574131153 0.6145356053252081 0.7522605261169496 0.6445971719718979 0.7876557124242745 0.7242363486295533
0 0.9395833328125001 0.7546296296875 0.9311656232942017 0.6403141246979079 0.8177238990128097 0.6486674927064084 0.8261416085311082 0.7629829976960005