0 0.327472623366918 0.7665176659648266 0.3264393800325156 0.6735256734578063 0.22667417746495033 0.6746341746069828 0.22770742079935274 0.7676261671140032
0 0.3750725001626256 0.6434913283497655 0.3378051510526563 0.6222008991289089 0.2968718701830797 0.6938516325433642 0.334139219293049 0.7151420617642209
0 0.42033995598372254 0.6519649168549853 0.3432631544607489 0.6464838958703558 0.33613016566854487 0.7467914777869527 0.4132069671915185 0.7522724987715821
0 0.4094830311132653 0.6245124101337036 0.36117049468831686 0.6167043224627516 0.3558541307625518 0.6495993201415481 0.4041666671875002 0.6574074078125001
0 0.5008503025359646 0.7637205684851578 0.49932137707390867 0.6613780197462782 0.4101266243156864 0.6627105264138791 0.4116555497777424 0.7650530751527587
0 0.5146397364831428 0.6448946165421098 0.44674802755188764 0.6219811611975835 0.42797698378042276 0.6775990599782922 0.4958686927116779 0.7005125153228183
0 0.5285955476278128 0.6611557877407865 0.48468748508621023 0.611759263690739 0.4574101865721751 0.6360057739898594 0.5013182491137776 0.6854022980399068
0 0.5801341890099635 0.630499586636468 0.557649153875445 0.6091388038067482 0.5144941320529816 0.6545651437327803 0.5369791671875 0.6759259265625002
0 0.6012101714868568 0.6664845445379616 0.5797424353069565 0.6228565664443035 0.5161696031376619 0.6541384375933562 0.5376373393175624 0.6977664156870141
0 0.6250000000000001 0.6638888890625 0.5348958328125 0.6638888890625 0.5348958328125001 0.7638888890625 0.6250000000000002 0.7638888890625
0 0.6833323490274613 0.6319738870863847 0.660101338075709 0.6055123140049241 0.6131225163324987 0.6467557245556582 0.6363535272842509 0.6732172976371189
0 0.7087773495468394 0.6437397541782438 0.6562037349127332 0.6203280662526558 0.6222982527264527 0.6964666924000185 0.6748718673605589 0.7198783803256065
0 0.7791666671875002 0.6518518515625001 0.6822916671875 0.6518518515625 0.6822916671875001 0.7648148140625001 0.7791666671875002 0.7648148140625002
0 0.7754822986581453 0.6231273595801029 0.7143441868803977 0.6087981201399971 0.702007998517711 0.6614325440521522 0.7631461102954586 0.6757617834922579
0 0.8488400171388433 0.7103169277893279 0.8253654708250583 0.621635286863359 0.7558777976614746 0.6400290782375784 0.7793523439752594 0.7287107191635471
0 0.9390625 0.7555555562500003 0.9313940859611266 0.6441238966175082 0.8180264031487751 0.6519255423374047 0.8256948171876484 0.7633572019698966