0 0.3301358967753265 0.7652799978980485 0.32675098763982496 0.6548473511563906 0.2198734754760218 0.6581232906360379 0.22325838461152334 0.7685559373776958
0 0.42520668231379233 0.6374968352471624 0.350967949886657 0.6253170433034901 0.3324089066282826 0.7384388316668693 0.4066476390554179 0.7506186236105415
0 0.37081981124819563 0.6256546769958977 0.32604244725207193 0.60946286240887 0.29389750112979385 0.6983575286253544 0.33867486512591755 0.7145493432123821
0 0.4127484624584648 0.6328166910783082 0.3804467721141705 0.6014938389010098 0.3590764187752818 0.6235320151243501 0.39137810911957605 0.6548548673016484
0 0.5056134567374714 0.7640641245634274 0.5032616060806573 0.643678650005193 0.4086507587455107 0.6455269675390435 0.41100260940232475 0.7659124420972779
0 0.5126151348424414 0.6312793316186989 0.44567209991121076 0.6092404721065939 0.4284271201054464 0.6616220976118328 0.49537015503667703 0.6836609571239377
0 0.5201719362483038 0.6742748715947061 0.49583954386478163 0.6021788932608481 0.46628888179947625 0.6121522415832217 0.4906212741829984 0.6842482199170798
0 0.5733903939072655 0.6138846442095085 0.5477717608676351 0.6008373163954517 0.5124021997728698 0.6702860049984434 0.5380208328125001 0.6833333328125002
0 0.6026456433657463 0.6463619311741015 0.5799461427021113 0.6061219057402791 0.5162913038548191 0.6420297621861947 0.5389908045184542 0.682269787620017
0 0.6295638734882855 0.7623071997295175 0.621264282673855 0.6405798345861651 0.5305402041286762 0.6467655655272273 0.5388397949431066 0.7684929306705799
0 0.6653294208975449 0.6103399161785988 0.6424943118459163 0.6014314616069203 0.6172690581358713 0.6660915454283215 0.6401041671875 0.675
0 0.7086285558326193 0.62783409411154 0.6605898211257173 0.606672452287975 0.6215180220122672 0.6953687740470106 0.6695567567191691 0.7165304158705756
0 0.7901041671875001 0.6324074078125002 0.675 0.6324074078125 0.675 0.7629629625000001 0.7901041671875002 0.7629629625000002
0 0.7826148594568967 0.6226723713274392 0.7281406204539939 0.5936194416802547 0.7079176288477911 0.631537548098027 0.7623918678506939 0.6605904777452114
0 0.8580271261350308 0.6946869429049806 0.8225548173539903 0.6035975538897349 0.7562828648106497 0.629405380570254 0.7917551735916902 0.7204947695854995