0 0.3291767381015256 0.7665086099545758 0.32806122193649867 0.6598372693750557 0.22292044202648903 0.660936779692972 0.22403595819151595 0.7676081202724921
0 0.42415990693354927 0.6452347085989282 0.3503545740573384 0.6328420212692387 0.3323908338611822 0.7398260667476386 0.40619616673739306 0.7522187540773281
0 0.3724496806772896 0.6308046680548052 0.33068577804938176 0.6122581981225546 0.2938538878672837 0.6951981581681088 0.3356177904951916 0.7137446281003594
0 0.41134544727674277 0.6185534880585138 0.36478052948016115 0.6075158796387656 0.35790917815980694 0.6365043975509661 0.4044740959563885 0.6475420059707144
0 0.5048514540290192 0.7628009933511387 0.5033771051344997 0.6475254192421825 0.40793810826077304 0.6487460627360231 0.4094124571552925 0.7640216368449793
0 0.5185994472758886 0.6530872530921792 0.4562559229965757 0.6145366757302166 0.42879375868193836 0.6589481534530213 0.49113728296125136 0.697498730814984
0 0.5185402625377952 0.6745388847443854 0.4962915819993846 0.6059799850409947 0.4606790533965645 0.617536934984431 0.48292773393497523 0.6860958346878216
0 0.5765625 0.6222222218750002 0.558134280653435 0.6022136757447408 0.5149051134659349 0.6420284913697409 0.5333333328125 0.6620370375000002
0 0.6001347879641765 0.6533249000114082 0.5763403604584582 0.6121422368227484 0.5112853645460864 0.6497295676136325 0.5350797920518048 0.6909122308022924
0 0.6302170189857611 0.7617063982032422 0.6150363393411793 0.6460440591326946 0.5249220329647762 0.6578715600071103 0.540102712609358 0.7735338990776579
0 0.6786458328125 0.6185185187500001 0.652174730624927 0.5999670497620229 0.6125913978124271 0.6564485310120228 0.6390625 0.675
0 0.7093888071888609 0.6311182155142531 0.6568472045770555 0.609590752968155 0.6181962392309737 0.7039253108580059 0.6707378418427792 0.7254527734041041
0 0.7872379435078217 0.7600357668658472 0.7858757581316221 0.6389716263201624 0.6748377951801736 0.640220999492546 0.6761999805563732 0.7612851400382308
0 0.779857722364118 0.619673504051318 0.7202006472086989 0.596183534358207 0.7029397504349874 0.6400207393240882 0.7625968255904064 0.6635107090171992
0 0.85393453958749 0.7100377226092973 0.8307954331736177 0.6102503343343152 0.7582526693229508 0.6270718461637597 0.7813917757368232 0.726859234438742
0 0.9394856487844242 0.7556039092215918 0.9323362389648444 0.6333490020306575 0.8179147596551074 0.6400403166497939 0.825064169474687 0.7622952238407282