0 0.3292855184861638 0.7654526116310545 0.32701777942309396 0.653837310905092 0.22169059374943018 0.6559772914615375 0.22395833281250002 0.7675925921875
0 0.4237806836535102 0.6339642333207574 0.3493323188507129 0.6238924994038346 0.33373507089804494 0.7391844258067806 0.40818343570084215 0.7492561597237033
0 0.3706067229557538 0.6249161975063892 0.32424335680108235 0.6079488812142153 0.2913545262887598 0.697817948613228 0.3377178924434313 0.7147852649054018
0 0.4117156858984104 0.6133673736513164 0.36689951006179705 0.6034082243990728 0.36074754967203726 0.6310920487483511 0.40556372550865055 0.6410511980005947
0 0.5036458328125 0.6416666671875 0.40989583281249997 0.6416666671875 0.4098958328125001 0.7638888890625 0.5036458328125001 0.7638888890625
0 0.5141319058781824 0.6315844774108399 0.4468012843005277 0.6088603929124325 0.4305860456098454 0.6569055451890926 0.4979166671875001 0.6796296296875
0 0.5235652732437618 0.6697283806139167 0.49249934843737825 0.6006929999217674 0.4656455734673369 0.6127772000177584 0.4967114982737204 0.6818125807099078
0 0.5748006480351592 0.6122375747245888 0.5485596006280955 0.5983582148656614 0.5116735641145022 0.6680968946498946 0.5379146115215658 0.681976254508822
0 0.6037770441721666 0.6442673151440015 0.5795410367000012 0.6070535815603485 0.5181214162904659 0.6470540393439485 0.5423574237626314 0.6842677729276015
0 0.6297187963470814 0.7629919728450385 0.6223117951163659 0.6379988075465314 0.5344887708263097 0.6432031340986918 0.5418957720570253 0.7681962993971989
0 0.6655468265487039 0.6097491488411082 0.6419654216812735 0.6004148417651918 0.6181956153870706 0.6604648723979112 0.641777020254501 0.6697991794738277
0 0.7088928711046592 0.6254603618845547 0.6573568720007007 0.6038796624469926 0.6174936842852106 0.6990753354292449 0.669029683389169 0.720656034866807
0 0.7939121583165007 0.635141288675581 0.6769836377232279 0.6300818788710398 0.6714756586616443 0.7573773279472565 0.7884041792549171 0.7624367377517978
0 0.7837191191680875 0.6262370051528748 0.7302591151542781 0.5922941474617714 0.7065864043711039 0.6295786691423945 0.7600464083849132 0.6635215268334977
0 0.8479965753054449 0.6313478611298492 0.7821219793803496 0.6047921629974637 0.746121191110922 0.6940964384268223 0.8119957870360175 0.7206521365592078
0 0.9416666671874999 0.6333333328125001 0.8208333328125 0.6333333328125001 0.8208333328125 0.7629629625000002 0.9416666671874999 0.7629629625000002