0 0.32801667809870017 0.7665258355818803 0.32697236083177017 0.6707748992444397 0.22663084218202761 0.6718692841614352 0.2276751594489576 0.7676202204988758
0 0.4171875 0.646296296875 0.3390625000000001 0.646296296875 0.3390625000000001 0.747222221875 0.4171875000000001 0.747222221875
0 0.37472026545148707 0.6421639744111639 0.33713371756215504 0.6210215404561488 0.29647316991658335 0.6933069558694596 0.3340597178059153 0.7144493898244747
0 0.41024612892498985 0.623210420577938 0.36182782609470454 0.6146027260628666 0.3557483643572149 0.6487997132974286 0.4041666671875002 0.6574074078125001
0 0.5013380073642554 0.7637441698490648 0.5000218905836478 0.6615805025907237 0.4094834851481428 0.6627468576940678 0.4107996019287505 0.764910524952409
0 0.5149748566879897 0.6697924653990436 0.46341594901043487 0.6239623242302581 0.4229561782161423 0.6694795653697804 0.4745150858936971 0.7153097065385658
0 0.5282041154661473 0.6649942270357181 0.48840821108630683 0.6105724851487533 0.4612929024841573 0.6304005573666966 0.5010888068639978 0.6848222992536614
0 0.5780074662968236 0.6306833291804242 0.5591759636002558 0.609211598982384 0.5177931848276622 0.6455058287840743 0.5366246875242301 0.6669775589821145
0 0.6014051341663215 0.6647711289373345 0.5798024755327317 0.6218611602227354 0.5154364323105565 0.6542656970000009 0.5370390909441461 0.6971756657146
0 0.6255093033496699 0.7646676630913054 0.6241199593366271 0.6615087669639731 0.5347024901348655 0.6627130414391824 0.5360918341479082 0.7658719375665147
0 0.68125 0.6296296296875001 0.6586205256907357 0.6053555713268396 0.6136829423391243 0.6472486026801693 0.6363124166483887 0.6715226610408298
0 0.7081102218030988 0.643552120561177 0.6539772652757471 0.6197459234850176 0.6175182826130446 0.7026500730725223 0.6716512391403964 0.7264562701486816
0 0.7808283388584454 0.7641359868034392 0.7765403829406031 0.64836115893188 0.6805450921300314 0.6519165395174839 0.6848330480478737 0.7676913673890431
0 0.7740790377327458 0.6197879379952239 0.7124968421805293 0.607025834318895 0.7014386372602835 0.6603860447611712 0.7630208328125001 0.6731481484375001
0 0.8535725048854456 0.6915485568953716 0.8170573715743448 0.6176054128646816 0.7508821172408696 0.6502845512156277 0.7873972505519704 0.7242276952463177
0 0.9385416671875 0.7546296296875001 0.9293974435504486 0.6422046618489334 0.8173627558373268 0.6513171415698709 0.826506979474378 0.7637421094084376