0 0.3286458328125001 0.6611111109375 0.22447916718750008 0.6611111109375 0.22447916718750008 0.76851851875 0.3286458328125001 0.76851851875
0 0.42510351229562876 0.6448183087148497 0.35197982283408846 0.6311076164266598 0.33179900435306314 0.7387386442892978 0.40492269381460344 0.7524493365774877
0 0.3724499634439492 0.6308040313061797 0.33043419556983994 0.6121457133204252 0.29360202262108237 0.6950863101146051 0.3356177904951916 0.7137446281003594
0 0.4120050425973038 0.6195939716279993 0.36561841572809517 0.6069070319522388 0.35784297968254314 0.6353359722489693 0.4042296065517518 0.6480229119247298
0 0.5077260353365484 0.6512260102612615 0.4132728585710246 0.647431020211391 0.40861180010238857 0.7634396984074074 0.5030649768679123 0.7672346884572779
0 0.5185035957857781 0.6520144756880129 0.4552120337238571 0.6145083661760082 0.4280039127474047 0.660422071963547 0.49129547480932567 0.6979281814755516
0 0.525446650986096 0.6665347820251265 0.49087073366852446 0.6050664911575547 0.4623840879335215 0.6210902311003231 0.4969600052510931 0.6825585219678949
0 0.5770833328125 0.6222222218750002 0.558259898547959 0.6020084202494027 0.514509898547959 0.6427491608744027 0.5333333328125001 0.6629629625000002
0 0.5998627932014649 0.6544606380877408 0.5816494638693677 0.6131147549630578 0.5224116706679028 0.6392096731253171 0.540625 0.6805555562500001
0 0.6256031405999869 0.7636764296505933 0.6238352536029427 0.6503105625992612 0.5328703756211213 0.6517291167827612 0.5346382626181654 0.7650949838340934
0 0.678069181607996 0.6178571649178508 0.6514068715775908 0.5991102278848013 0.611879357157095 0.6553271364044505 0.6385416671875002 0.6740740734375
0 0.7081309443188957 0.6309987253748441 0.6615442807327243 0.6106672609829109 0.6234580370622818 0.6979364801071287 0.6700447006484531 0.7182679444990618
0 0.7875000000000001 0.6398148140625001 0.6765625 0.6398148140625 0.6765625000000001 0.7601851859375002 0.7875000000000002 0.7601851859375002
0 0.7810875805758151 0.6218887252371583 0.7226156528062138 0.5955763449135579 0.7038266625589114 0.6373296362194998 0.7622985903285127 0.6636420165431001
0 0.848262804499926 0.633056574150846 0.7818711756457108 0.6086678140241195 0.7476563458944852 0.7018081896049274 0.8140479747487003 0.7261969497316538
0 0.9383481830416012 0.7561600782996921 0.934370457513424 0.6360825054191922 0.8198520447813076 0.639876076548617 0.8238297703094846 0.7599536494291168