0 0.32877802800350137 0.7654490064050965 0.32646516155855304 0.6529135821604051 0.22198808064738626 0.655060830783027 0.22430094709233458 0.7675962550277184
0 0.42325741042489345 0.6349143795797414 0.35098692272648724 0.6225419884089771 0.33077285139179285 0.740617853742169 0.4030433390901991 0.7529902449129333
0 0.36963230831430316 0.6242935602536127 0.3228549983040533 0.6079286325747327 0.29149510095380804 0.697567381307806 0.3382724109640579 0.713932308986686
0 0.40733647079602375 0.6085783435073632 0.36409919691130543 0.6052363298470376 0.36181949097069466 0.6347300064591206 0.405056764855413 0.6380720201194462
0 0.5043082435005644 0.7626890658645984 0.5026035985083055 0.6418724350996827 0.4079483542463612 0.6432079597464189 0.4096529992386202 0.7640245905113346
0 0.5162436050849113 0.6436482163824608 0.4551324124849435 0.6088827346337337 0.4295995219226816 0.653764764575442 0.4907107145226496 0.6885302463241691
0 0.5267393635304886 0.6629681616481965 0.4879662133022581 0.6009311282621949 0.46278934977176955 0.6166666697389986 0.5015625 0.6787037031250003
0 0.5751027919091493 0.6115145633184251 0.5481618539121798 0.597920285322491 0.5122848339326607 0.6690208300570722 0.5392257719296302 0.6826151080530065
0 0.6040599801415212 0.6411339341908484 0.5780514193443522 0.6058893790247815 0.5154928507731856 0.6520541930336572 0.5415014115703546 0.6872987481997243
0 0.6298403253690392 0.7629750186840687 0.6222018929118879 0.6398053092765121 0.5346407325562577 0.6452354593715585 0.542279165013409 0.768405168779115
0 0.6666518078052365 0.607659008432918 0.639634152333735 0.5998492176702765 0.6171059835172009 0.677784507102164 0.6441236389887024 0.6855942978648054
0 0.7090636939353617 0.6249501285518171 0.6621190243080722 0.6055080713238847 0.6221923952669864 0.701914659767224 0.6691370648942759 0.7213567169951561
0 0.7880208328125 0.6314814812500001 0.6734375 0.63148148125 0.6734375000000001 0.7611111109375001 0.7880208328125001 0.7611111109375002
0 0.784208956010355 0.6287455553281199 0.735148653629588 0.592832128420627 0.7092667128532613 0.628188705334282 0.7583270152340282 0.6641021322417748
0 0.8561588931289739 0.7047256693803495 0.8257135306857565 0.6042076291198037 0.7571625863228982 0.6249706517726761 0.7876079487661156 0.725488692033222
0 0.9440426525832057 0.7590550523046291 0.9251753264642014 0.6237409837376954 0.8117554054382154 0.6395555303037125 0.8306227315572198 0.7748695988706462