0 0.3291786754400883 0.7654531389687355 0.32701349959138454 0.6594948293168087 0.22231399133879623 0.6616342825355732 0.2244791671875 0.7675925921875
0 0.4262712659141902 0.644243596507318 0.3523541185916888 0.6297241554050969 0.3310715905851318 0.738071559894053 0.4049887379076331 0.7525910009962743
0 0.3730493583372873 0.6307473845309597 0.33084366868977927 0.6116923480217167 0.2933623704412625 0.6947110313338822 0.33556806008877055 0.7137660678431251
0 0.408224821218487 0.6147508805155594 0.3621217544989556 0.6100673952382315 0.3591052660929687 0.6397609584726722 0.4052083328125001 0.6444444437500001
0 0.50625 0.6490740734375 0.41041666718750003 0.6490740734375 0.41041666718750014 0.7648148140625 0.5062500000000001 0.7648148140625
0 0.5148282612014174 0.6413947461472309 0.4490596949698949 0.613648627932976 0.42896059877359355 0.6612909225838027 0.4947291650051161 0.6890370407980575
0 0.5249177366830892 0.6680798651970836 0.49196565550248705 0.6036402479054181 0.4607000893145032 0.6196283235409509 0.4936521704951053 0.6840679408326162
0 0.5775828680027323 0.6207367271126593 0.5587758909009217 0.6012244883783465 0.5140055228981895 0.6443766503281874 0.5328125 0.6638888890625001
0 0.6012319893438146 0.652690961439554 0.5776180504490377 0.6118206823867174 0.5114658531570277 0.6500419517494558 0.5350797920518048 0.6909122308022924
0 0.6278370536409166 0.6467255607251332 0.5367336458770866 0.6429295835036525 0.5317648151481065 0.7621814613732333 0.6228682229119364 0.765977438594714
0 0.6797038594602497 0.6189485308195094 0.6537720768870505 0.598190638243561 0.6118861379459176 0.650516617748546 0.6378179205191168 0.6712745103244944
0 0.707946794493425 0.6297079470164185 0.6565598608731742 0.6117668191367066 0.6232377401470692 0.7072079540151146 0.67462467376732 0.7251490818948264
0 0.7875000000000001 0.6407407406250001 0.6770833328125 0.640740740625 0.6770833328125001 0.7611111109375001 0.7875000000000002 0.7611111109375002
0 0.7816050088996626 0.6227611787213583 0.7233895514932055 0.5954726733405529 0.7035424169612075 0.6378132119249953 0.7617578743676645 0.6651017173058007
0 0.846461403336151 0.6265794962113101 0.7759838896753545 0.6100613285488553 0.7513974863392037 0.7149633135875451 0.8218750000000001 0.7314814812500001
0 0.939293540105027 0.756820081361549 0.9312376932504828 0.6322061831251001 0.8174114603910281 0.6395646456475192 0.8254673072455725 0.7641785438839681