0 0.3286753248510933 0.7665165034351167 0.3275503128366012 0.6570386616641838 0.2228333207980079 0.658114750416567 0.22395833281250002 0.7675925921874999
0 0.42588828260085326 0.6403332074993434 0.35299123874217575 0.6254224510698568 0.33015333336191793 0.7370744519604859 0.40305037722059545 0.7519852083899725
0 0.37186195383613185 0.6278582468572739 0.3293633839088056 0.6103888830705257 0.2939168448631616 0.6966214005624186 0.33641541479048787 0.7140907643491669
0 0.4127563304644363 0.6178877288424458 0.3669096522897147 0.604846891953809 0.35926846399175005 0.6317104363536695 0.40511514216647165 0.6447512732423064
0 0.5065476048532224 0.6453711831677551 0.4113479305297723 0.6434586859323359 0.4089329513624883 0.7636707447868697 0.5041326256859385 0.765583242022289
0 0.5074390752011387 0.6251397653679023 0.4388436874515246 0.6122781253417368 0.42923742042862223 0.6635115302513572 0.49783280817823644 0.6763731702775228
0 0.5251372124624362 0.6673536579603568 0.4915997690843675 0.6023113327205714 0.4670846098850001 0.6149519595819586 0.5006220532630687 0.6799942848217441
0 0.5755208328125 0.6185185187500002 0.5553320570190816 0.6005757441094394 0.5141862242065817 0.6468720394219393 0.534375 0.6648148140625001
0 0.602130819959839 0.6486538070552947 0.57741473596404 0.6095319818262771 0.5122630831917012 0.6506929888334825 0.5369791671875002 0.6898148140625
0 0.6265625 0.646296296875 0.5354166671875 0.646296296875 0.5354166671875001 0.7629629625 0.6265625000000001 0.7629629625
0 0.6658475341226313 0.6109347789613574 0.6394583542609149 0.6029110414671613 0.6163191529507838 0.6790133000058042 0.6427083328125002 0.6870370375000002
0 0.7088158041586861 0.6294368796104294 0.6583662108871999 0.6074022776813053 0.6189626847950479 0.697619104434321 0.6694122780665341 0.7196537063634452
0 0.7882936420543791 0.7609342631832646 0.7861823123712856 0.6333159867696943 0.6726104561629821 0.6351949310550687 0.6747217858460757 0.7628132074686392
0 0.7820480338733692 0.6213772486320682 0.7246657510597194 0.5945317344561388 0.7057736497729854 0.6349135983263979 0.7631559325866352 0.6617591125023272
0 0.8479677774850087 0.6281977766140188 0.7785455557184664 0.6079496293219254 0.750784723012589 0.7031296305699334 0.8202069447791314 0.7233777778620268
0 0.94921333893149 0.7559843465257792 0.9441365503359901 0.631047783941827 0.819160700190154 0.6361261689846919 0.8242374887856538 0.761062731568644