0 0.32871458067634884 0.7654519795388015 0.3264150595511315 0.6529191468902202 0.2216588116872827 0.6550597595389187 0.22395833281250002 0.7675925921875
0 0.4171875 0.622222221875 0.3411458328125001 0.622222221875 0.3411458328125001 0.746296296875 0.4171875000000001 0.746296296875
0 0.3685149118276805 0.6238622379208626 0.3224427246426613 0.6078649513437335 0.29117389736702515 0.6979191774997348 0.3372460845520443 0.7139164640768638
0 0.40918566251275373 0.6096495349308964 0.36639208688614194 0.6027334006317757 0.3619374775627945 0.6302962923746264 0.4047310531894063 0.6372124266737471
0 0.5040559640968844 0.7641610005663718 0.5017533724259609 0.6398209259964183 0.40817263860172825 0.6415539008157422 0.4104752302726518 0.7658939753856957
0 0.504783356322358 0.6152127947290232 0.4300223451510495 0.6111852695352027 0.4265422528625913 0.6757845472389887 0.5013032640338999 0.6798120724328094
0 0.573777389214037 0.6125361278797996 0.5500985182634727 0.597469960952991 0.5133002962369358 0.6553042033856916 0.5369791671875002 0.6703703703125001
0 0.6020545063757268 0.6407029795796899 0.5785592366947403 0.6033111176541262 0.5166088975065135 0.6422377677619362 0.5401041671875 0.6796296296875
0 0.6291403205348709 0.7624824178401509 0.6246883362340199 0.6372703410664475 0.5346979362172462 0.6404699992657605 0.5391499205180972 0.7656820760394638
0 0.5264281922485035 0.6633511970096702 0.48987997255423216 0.6016760666388478 0.46403447822477606 0.6169919127372758 0.5005826979190473 0.6786670431080983
0 0.6694500640510184 0.6099715929513596 0.6456533351908138 0.5988546891356152 0.6155347810531788 0.6633261533448881 0.6393315099133833 0.6744430571606325
0 0.7090976543663701 0.624786270079907 0.661124414410373 0.6061043833919355 0.6238599891508914 0.7017957471526655 0.6718332291068886 0.7204776338406372
0 0.7890625000000001 0.6324074078125002 0.6744791671875 0.6324074078125 0.6744791671875001 0.7620370375000001 0.7890625000000002 0.7620370375000002
0 0.7824747068637836 0.6332712108144622 0.7349845135489953 0.5951428836970931 0.7082276512170168 0.6284695114489828 0.7557178445318051 0.6665978385663519
0 0.8440368083892043 0.620547680400683 0.772498210867491 0.6097303525572757 0.7536730646826288 0.7342273240553739 0.8252116622043422 0.7450446518987814
0 0.9336428371101956 0.7576973786728248 0.928726689768234 0.6304920449410687 0.8181888487173243 0.6347640380841748 0.8231049960592859 0.761969371815931