0 0.3292921515389137 0.7654508201726978 0.3269930651874643 0.6529392642687099 0.22201880477500868 0.6550843318346915 0.2243178911264581 0.7675958877386794
0 0.4230071691999087 0.6341590965841066 0.3506208876429632 0.6225255866326864 0.3315831901123101 0.7409823670372614 0.40396947166925556 0.7526158769886815
0 0.3686081936534572 0.623568315570954 0.32203784716778927 0.6078508235164712 0.29125293672699504 0.6990653722999809 0.33782328321266303 0.7147828643544637
0 0.40775322390366775 0.6089125824351258 0.3644708215177105 0.6048627677465578 0.3617406009075657 0.6340420058446108 0.40502300329352287 0.6380918205331788
0 0.5048658431221252 0.7633935629770267 0.5000957204689799 0.6404304640580891 0.40718597155353387 0.6440347234000872 0.4119560942066792 0.7669978223190247
0 0.5145640099862142 0.6287724176055774 0.4443377668035195 0.6090212830071073 0.4307894993040544 0.6571928917508063 0.5010157424867491 0.6769440263492764
0 0.5267393635304886 0.6629681616481965 0.48778414829152694 0.6006398242777967 0.4626072847610384 0.6163753657546005 0.5015625 0.6787037031250003
0 0.5747843669710505 0.6107447012511626 0.54638870653548 0.5977144558236768 0.5119461505600988 0.6727720692395396 0.5403418109956692 0.6858023146670253
0 0.6042097715521885 0.6414124043512155 0.5780464245485011 0.6058180838096442 0.5166564645040362 0.6509423284292308 0.5428198115077236 0.686536648970802
0 0.634152514247363 0.6441652674133453 0.5465369487779104 0.6355118795832693 0.534149529312527 0.760934521267564 0.6217650947819797 0.7695879090976401
0 0.665769700555417 0.6083246999049825 0.6422310193703087 0.5988992534234725 0.6161704862991723 0.6639816429610738 0.6397091674842805 0.6734070894425839
0 0.7088492499752059 0.625258102871198 0.6615683117399129 0.6061332293711093 0.6229386065521523 0.701634446935849 0.6702195447874453 0.7207593204359376
0 0.7900770745510586 0.7608300052405089 0.7866951680445262 0.6295698491970864 0.6712700807796845 0.6325437665335011 0.6746519872862169 0.7638039225769236
0 0.7834201405761715 0.6372395794270831 0.73969907265625 0.5935185197048611 0.7103298632324223 0.6228877346354165 0.7540509311523438 0.6666087943576383
0 0.8442274959637828 0.6201164405486108 0.7726692549413074 0.6088460137475769 0.7566754903202406 0.7103936910286224 0.8282337313427159 0.7216641178296563
0 0.9412879861725031 0.755777155133025 0.9367327821064201 0.6302243587557126 0.8184743853964227 0.634514913367678 0.8230295894625057 0.7600677097449904