0 0.3279785753351616 0.7665253843861475 0.32693775831632704 0.6716808387002924 0.226645004997238 0.672781443946123 0.22768582201607254 0.7676259896319781
0 0.3754713107155254 0.6427932394597071 0.3377683367302898 0.6212539425089151 0.2967068980488711 0.6931290068593766 0.33440987203410677 0.7146683038101685
0 0.4171875 0.6481481484375 0.3390625000000001 0.6481481484375 0.3390625000000001 0.7481481484375 0.4171875000000001 0.7481481484375
0 0.4099362107279754 0.6238719412572106 0.36205836020167254 0.6156348904089557 0.35628881666119727 0.6491703569642452 0.4041666671875001 0.6574074078125001
0 0.5032068416728437 0.6638098369377496 0.41290455614719235 0.6618561778898805 0.4107069304161275 0.763435123541424 0.5010092159417787 0.7653887825892931
0 0.5136093759162799 0.6507333118547249 0.4451211339493071 0.62665542523613 0.4278893268651949 0.6756703654507523 0.4963775688321677 0.6997482520693472
0 0.5250510044552886 0.6704610345919739 0.49238377560308944 0.6123859746882927 0.4635014829743785 0.6286322680996659 0.4961687118265776 0.6867073280033473
0 0.5793727419811495 0.6315943996150296 0.5612833118470218 0.6089826113114134 0.5162855698658724 0.6449808038838838 0.534375 0.6675925921875
0 0.601023044655172 0.6649173393217739 0.5779165476082508 0.6215926566818487 0.5138726701405789 0.6557493907975747 0.5369791671875 0.6990740734374998
0 0.6250000000000001 0.6629629625 0.5354166671875 0.6629629625 0.5354166671875001 0.7638888890625 0.6250000000000002 0.7638888890625
0 0.6803077113743279 0.6284853346657839 0.6573614599625293 0.6056042714032204 0.6142406460888754 0.6488479364756004 0.637186897500674 0.6717289997381639
0 0.7082215381876124 0.6427998939128383 0.6557546194516686 0.6207825275590814 0.6206069203504759 0.7045387517535799 0.6730738390864197 0.726556118107337
0 0.7804171242918544 0.7640846256777054 0.7753971393869513 0.6480672503108704 0.6797428923585049 0.6522061379098563 0.684762877263408 0.7682235132766912
0 0.7782319127917532 0.6252032652577414 0.718162850930198 0.6054931068421848 0.702430938138445 0.6534379900219436 0.7625000000000002 0.6731481484375001
0 0.8522770043834067 0.7041124622677613 0.8219351480946729 0.6193479423269682 0.754362299551903 0.64353595944707 0.7847041558406367 0.7283004793878629
0 0.9325263724709016 0.7558355721912238 0.9261951398061706 0.6463250612821855 0.8195810150092347 0.6524888424921621 0.8259122476739658 0.7619993534012004