0 0.3274086398719048 0.767434563900116 0.32639227508484436 0.678248615150904 0.22716192876265667 0.6793794460858675 0.22817829354971714 0.7685653948350797
0 0.3738817658530572 0.648368945125406 0.33822115290680477 0.6279914526955439 0.2991328348693295 0.6963960115514567 0.33479344781558196 0.716773503981319
0 0.41945547804596295 0.7464728346729086 0.41360606715102133 0.6528822603538424 0.3346321516840953 0.6578181300705254 0.340481562579037 0.7514087043895914
0 0.5007994514970681 0.7646184933889979 0.49926584662778745 0.6688639436087342 0.4101668830696621 0.6702909526090811 0.41170048793894265 0.7660455023893447
0 0.5104897916381652 0.644119467183249 0.4414832493046097 0.6285929875890435 0.42864707144207087 0.6856426391663986 0.49765361377562645 0.701169118760604
0 0.51652479131403 0.6819029672585912 0.4992090891734284 0.6203360152951445 0.4659059200725128 0.6297025299283835 0.48322162221311427 0.6912694818918302
0 0.41221985856516763 0.6540375401014948 0.37989165085652304 0.6148518315169965 0.35464475938071216 0.6356805157774235 0.38697296708935675 0.6748662243619219
0 0.5792387569221148 0.6372033773272741 0.5605657572918845 0.6143426835846373 0.5188270003697697 0.6484356031323635 0.5375000000000001 0.6712962968750003
0 0.6016253659666386 0.6717536212572123 0.579081838503835 0.6286391262481448 0.5144356397246963 0.6624410612409326 0.5369791671875 0.7055555562500001
0 0.624733176033569 0.7628815351043698 0.6235693225148038 0.669918797895543 0.5344512376745347 0.6710345180189078 0.5356150911933 0.7639972552277347
0 0.6842883134314706 0.6372127968123362 0.6617776977119572 0.6085561918959277 0.6156976827037174 0.6447534146034213 0.6382082984232308 0.6734100195198298
0 0.7084112505068335 0.6511441579953978 0.6547417448504169 0.6250986618198592 0.6189955414144146 0.6987575030480688 0.6726650470708312 0.7248029992236076
0 0.7770833328125001 0.6601851859375001 0.6822916671875 0.6601851859375001 0.6822916671875001 0.7638888890625001 0.7770833328125002 0.7638888890625002
0 0.7828806065479026 0.6397959590965906 0.7261553065856297 0.610135672908587 0.7010622149655241 0.6581262128551302 0.7577875149277971 0.6877864990431337
0 0.8522817985173337 0.7042896189051558 0.8175182155291587 0.6248299942613209 0.75175015213706 0.6536035196832055 0.7865137351252349 0.7330631443270403
0 0.9276063069259693 0.7559605695297364 0.9237842470089241 0.6527649356451948 0.8221211476963542 0.6565302350314062 0.8259432076133996 0.7597258689159478