0 0.3281250000000001 0.6564814812499999 0.2239583328125001 0.6564814812499999 0.2239583328125001 0.7675925921875 0.3281250000000001 0.7675925921875
0 0.4259481777849274 0.6390709393242193 0.3529267734776841 0.6251585952549827 0.33134341598282424 0.7384426734877048 0.4043648202900675 0.7523550175569412
0 0.3709449139626392 0.6247822112590825 0.3242851189339305 0.608847058117292 0.29300600443615477 0.7004355767941662 0.3396657994648634 0.7163707299359567
0 0.41279053003153604 0.6327733088948726 0.3804788971349776 0.6014408154544849 0.3583933941310177 0.6242164897479308 0.3907050270275761 0.6555489831883182
0 0.5039027401730369 0.7643519087945854 0.5018764603666074 0.6401155050662476 0.408823063823864 0.6416331940259711 0.4108493436302935 0.7658695977543089
0 0.5100533145888433 0.6574161601339489 0.46510483075556114 0.6120627317543963 0.4277940174328494 0.6490404101651118 0.4727425012661316 0.6943938385446644
0 0.5280710285380629 0.6630618030789723 0.48917434219578493 0.6008270909285185 0.4626658136577221 0.6173949175370461 0.5015625 0.6796296296875001
0 0.5745474884245205 0.6127851208985245 0.5480751604449937 0.598308066854638 0.5105068392079734 0.6670044272061135 0.5369791671875002 0.6814814812500002
0 0.6035839243348868 0.6451094055300624 0.5810441155376532 0.606721293424644 0.5183618007221248 0.6435255881247889 0.5409016095193584 0.6819137002302073
0 0.6270833328125 0.6416666671875 0.5369791671875 0.6416666671875 0.5369791671875002 0.7666666671875 0.6270833328125001 0.7666666671875
0 0.6655000710809629 0.6101326530112241 0.6436087798027865 0.6009761994841877 0.6168322350682879 0.6649936860006891 0.6387235263464641 0.6741501395277256
0 0.7088540143687203 0.6267762765959931 0.6643823060186103 0.6055827275560979 0.6239812251718242 0.6903587639370425 0.6684529335219341 0.7115523129769377
0 0.7885416671875001 0.6333333328125 0.6739583328125 0.6333333328124999 0.6739583328125001 0.7611111109375001 0.7885416671875002 0.7611111109375002
0 0.7829102956334141 0.623836579369554 0.7282844316698186 0.5931694270654206 0.706733088203723 0.6315577568567389 0.7613589521673185 0.6622249091608723
0 0.8497687605951059 0.6315587830859904 0.7818109028130525 0.6058145435617377 0.746500263561216 0.699025119784395 0.8144581213432694 0.7247693593086476
0 0.9375103279638457 0.7598529030563519 0.9332056845877125 0.6315207035641505 0.8191472819663863 0.6353465613713026 0.8234519253425198 0.7636787608635041