0 0.32915804681980193 0.7665115429060665 0.32804095393163957 0.6578043318911835 0.22284123992433766 0.6588853811726169 0.22395833281250002 0.7675925921874999
0 0.4248343068116056 0.6396147516076083 0.3503429836031956 0.6267220217725755 0.33106279817082684 0.7381186416457493 0.40555412137923685 0.7510113714807819
0 0.37213329030252035 0.628355656521806 0.329179708877243 0.6103110751345949 0.2926792884659137 0.6971972015872739 0.335632869891191 0.715241782974485
0 0.41353129336005984 0.6188005800601168 0.3667001176702053 0.6059920558696801 0.35928717321577885 0.6330956393085573 0.40611834890563336 0.6459041634989939
0 0.5069834027623177 0.7626784576229484 0.5054554013462786 0.6552409310615097 0.4095624525715449 0.6566047428152376 0.41109045398758387 0.7640422693766762
0 0.5180627152091415 0.639972320214838 0.4510738847668458 0.6101995033354868 0.4246993115253347 0.6695422864528227 0.49168814196763033 0.699315103332174
0 0.5255633554460092 0.6681801172173657 0.49244063608000593 0.6039421053467722 0.46655399485625376 0.6172899025094559 0.49967671422225707 0.6815279143800494
0 0.5755208328125 0.61851851875 0.5559167910743029 0.6002897605288592 0.5137292910743029 0.6456601308413592 0.5333333328125 0.6638888890625001
0 0.6010531475628129 0.6490359186695269 0.5773860936278009 0.610396566098618 0.5116615212121968 0.6506536329674566 0.5353285751472088 0.6892929855383654
0 0.6270833328125 0.646296296875 0.5359375 0.646296296875 0.5359375000000001 0.7638888890625 0.6270833328125001 0.7638888890625
0 0.664210309248749 0.611624678426485 0.6426755868781594 0.6030281566412504 0.6170069448169104 0.6673294047772654 0.6385416671875 0.6759259265625002
0 0.7087171547536035 0.6283448737786121 0.6578673407729323 0.6078180005263997 0.621289513757156 0.6984297404010502 0.6721393277378274 0.7189566136532627
0 0.7892749754821264 0.7625015493529512 0.7851393125385651 0.6345544210596461 0.6724515616182244 0.6381968518190626 0.6765872245617859 0.7661439801123676
0 0.7817007602092583 0.6217502759072432 0.7252540160861697 0.5945348804473471 0.7050733070705218 0.6363911643182678 0.7615200511936104 0.6636065597781639
0 0.8581953935543007 0.6959284650571558 0.8243340957319487 0.6056316595771175 0.7562975649248869 0.6311453554405536 0.7901588627472387 0.7214421609205919
0 0.9500847014750768 0.6416890721223181 0.8291854876986877 0.6303547755061802 0.817877240940945 0.750976124011735 0.9387764547173342 0.7623104206278728