0 0.3292730214576016 0.7654405682347096 0.3269726307841962 0.6528651820650263 0.2216579421390946 0.6550172060178168 0.22395833281250002 0.7675925921875
0 0.41770833281249997 0.621296296875 0.3411458328125001 0.621296296875 0.3411458328125001 0.7453703703125 0.4177083328125001 0.7453703703125
0 0.3693859687626878 0.6239588216727784 0.3228157946361631 0.6078626548279296 0.2919015584369776 0.6973051523282162 0.33847173256350227 0.713401319173065
0 0.40782226767540886 0.6089098477553265 0.3650380673927036 0.6047984536648517 0.3622335083186939 0.6339834003001317 0.40501770860139913 0.6380947943906065
0 0.5041666671875 0.6379629625 0.40989583281249997 0.6379629625 0.4098958328125001 0.7648148140625 0.5041666671875001 0.7648148140625
0 0.50430195444171 0.6180013218315852 0.4346881008021362 0.6114750303949608 0.4295075035521808 0.6667347965617172 0.49912135719175466 0.6732610879983417
0 0.5208927724854509 0.6714548590979141 0.4947869195299295 0.6018391728988826 0.46738965165603463 0.6121131367933716 0.493495504611556 0.6817288229924032
0 0.5754335577658076 0.6120282779473841 0.5480574312036613 0.5975350349528625 0.5109192004374957 0.6676850287212039 0.538295326999642 0.6821782717157255
0 0.6039246216808856 0.6412637851945805 0.5785188425301206 0.6060597423258847 0.5164938607060654 0.6508214475632507 0.5418996398568303 0.6860254904319464
0 0.6280395892692257 0.7654966412195703 0.6251770800522795 0.6331849666801368 0.536096178802771 0.6351121957154294 0.5389586880197172 0.7674238702548629
0 0.6660109840108606 0.6091445309466235 0.6434287080255617 0.5993103140546785 0.6159593912022014 0.6623880049830551 0.6385416671875002 0.6722222218750001
0 0.7070935988957122 0.6243858892744394 0.6623761609415786 0.6059399460030722 0.6240608445196527 0.6988255609908418 0.6687782824737865 0.7172715042622091
0 0.7887621344345853 0.7609401566514589 0.7866507395945244 0.6295647388229852 0.672037486506762 0.6314067411942968 0.674148881346823 0.7627821590227705
0 0.7841028526700603 0.6287162159883658 0.7331253124695642 0.591641641929049 0.7063185064831996 0.628501000788585 0.7572960466836955 0.6655755748479018
0 0.8512220410960383 0.6320629330150659 0.7814436122534427 0.6045041653873853 0.7430610621328002 0.701688265873087 0.8128394909753958 0.7292470335007676
0 0.9653707665316876 0.7356044969243147 0.8806609298850091 0.6189461966992832 0.790711850615098 0.6842614961402601 0.8754216872617764 0.8009197963652916