0 0.3297856782651746 0.7652907325663681 0.3263861031751655 0.6543796091187104 0.21966032987733305 0.6576508975980532 0.2230599049673422 0.7685620210457109
0 0.4228507017222508 0.6368700155371668 0.3470396890205599 0.6290945259334774 0.3355779654290957 0.7408463148322071 0.4113889781307865 0.7486218044358964
0 0.37092194789349986 0.6252045448024001 0.3249019804478263 0.6088715659741046 0.2933860691427082 0.6976711185560042 0.3394060365883817 0.7140040973842996
0 0.40753594384464487 0.6104321772927717 0.3641793448374983 0.6076793753649457 0.36219063577741745 0.6390015204085951 0.40554723478456395 0.6417543223364213
0 0.5036458328125 0.640740740625 0.409375 0.640740740625 0.4093750000000001 0.7648148140625 0.5036458328125001 0.7648148140625
0 0.5063258736750071 0.6215610873175669 0.4393845755768882 0.6107422852109508 0.4312443040649729 0.6611101851418962 0.4981856021630919 0.6719289872485124
0 0.5203455259071023 0.6731278124646919 0.4956317413410355 0.6017324410078336 0.4673677621294955 0.6115161269661856 0.49208154669556226 0.6829114984230439
0 0.5743019664604473 0.6132560300391525 0.5480124643178683 0.5986764651194958 0.510689665044921 0.6659759913303434 0.5369791671874999 0.6805555562500001
0 0.6037138945054826 0.6452971296004418 0.5810106374662141 0.607640285138448 0.5160666795784807 0.6467949033795158 0.5387699366177493 0.6844517478415096
0 0.6290004541321524 0.7641972127097257 0.6236998687960807 0.6404617618205075 0.5335128352209855 0.6443251984042554 0.5388134205570572 0.7680606492934736
0 0.6639563758491319 0.6091907541396326 0.6413007901187714 0.6012258993986164 0.6182037874242752 0.6669240372397044 0.6408593731546357 0.6748888919807208
0 0.7090149950063587 0.6263808463973615 0.6625330771849397 0.6069232988084412 0.6232440749442029 0.700780356852045 0.669725992765622 0.7202379044409652
0 0.7888074363731371 0.7599981884443129 0.7862158688975018 0.6263883553081482 0.6717474394901416 0.6286086459235615 0.6743390069657769 0.7622184790597262
0 0.782514278176448 0.6236142572114594 0.7282844345252075 0.593169427297537 0.7067330880062188 0.6315577564655053 0.7609629316574594 0.6620025863794277
0 0.8503213008961371 0.6317061117348025 0.782162950200902 0.6047871887975562 0.7460296912547282 0.6962761142926934 0.8141880419499634 0.7231950372299396
0 0.9387582697406855 0.7591688916761482 0.9321948715313463 0.6299520055818928 0.817668370794412 0.6357692253940959 0.8242317690037513 0.7649861114883513