0 0.329247805445804 0.7663527591118126 0.32693656595206766 0.6545465317826294 0.22079741919554308 0.6567406223415828 0.22310865868927937 0.7685468496707659
0 0.4213872140405274 0.6358732320637568 0.34506154621844043 0.6308476744738835 0.3377681769335269 0.7416157377960192 0.41409384475561384 0.7466412953858925
0 0.3708048873456741 0.6255343757938405 0.32534660942053734 0.609400746586073 0.29348057411566164 0.6991868121145809 0.33893885204079843 0.7153204413223484
0 0.412916666737931 0.6313888887010777 0.3791127859486475 0.601340995792955 0.3586530167885999 0.6243582369611549 0.3924568975778834 0.6544061298692777
0 0.5041686736580294 0.7639708879186102 0.5013916951150639 0.6405687773893588 0.40947994211502586 0.6426371128889121 0.4122569206579915 0.7660392234181636
0 0.5164393950324726 0.6397496667951301 0.4507682968237722 0.6092935113899933 0.42753580340697994 0.6593885853253539 0.4932069016156803 0.6898447407304906
0 0.5283955289742729 0.6629789439644627 0.4889102124270896 0.6005823909467256 0.4621331373861011 0.6175272578194286 0.5016184539332844 0.6799238108371657
0 0.5740215354694289 0.6127585314756016 0.5492777659962214 0.5994633714423981 0.51232587868459 0.66823493785871 0.5370696481577977 0.6815300978919134
0 0.6029344730303254 0.6449501416592394 0.580726495322855 0.6060861822326646 0.5164663466660504 0.6428062686547709 0.5386743243735208 0.6816702280813456
0 0.6315596115414461 0.7602381252045005 0.6180632320097319 0.6368426923841499 0.5277947240762559 0.6467158134145323 0.5412911036079702 0.7701112462348829
0 0.6639352630535733 0.6097917530102892 0.6421229202032416 0.6012975234487898 0.6167293243371684 0.6665057704385007 0.6385416671875 0.675
0 0.7083373903707749 0.6264166668906673 0.6601411505678637 0.6071872081706073 0.6216125035257514 0.7037544563264916 0.6698087433286626 0.7229839150465518
0 0.7880208328125 0.6333333328125 0.6744791671875 0.6333333328124999 0.6744791671875001 0.7620370375000001 0.7880208328125001 0.7620370375000002
0 0.7825379662962446 0.622816545992849 0.7272317158878767 0.5933198768961361 0.7060475540858049 0.6330401772959982 0.7613538044941727 0.662536846392711
0 0.845685477141717 0.6224392428692441 0.774895205307786 0.6085695185762062 0.7522381798614461 0.7242096680418864 0.8230284516953773 0.7380793923349243
0 0.9405649928058596 0.7596886612181002 0.9361663554340549 0.6310285004638944 0.8191789040221288 0.6350280709043181 0.8235775413939337 0.7636882316585238