0 0.32922867305594916 0.7663531546133522 0.32693589854255223 0.6554401708424635 0.22085414898787806 0.6576330748961307 0.223146923501275 0.7685460586670193
0 0.4250157243719519 0.639730958305369 0.3520597490346432 0.6260517116471942 0.3310220113443174 0.7382529688100635 0.4039779866816261 0.7519322154682382
0 0.37156097239557895 0.6264443519314474 0.3276332846274473 0.60976555819047 0.2941952200822556 0.6978328897807053 0.3381229078503873 0.7145116835216829
0 0.41042676876248363 0.6355057994812977 0.3823169198365428 0.6021904246682757 0.35858617325967596 0.6222132431092909 0.3866960221856168 0.655528617922313
0 0.5057291671875002 0.6425925921875 0.409375 0.6425925921875 0.4093750000000001 0.7629629625 0.5057291671875002 0.7629629625
0 0.5111090703233957 0.6290196117361753 0.4435374283013241 0.6100150829632831 0.4290016969829205 0.661697671093392 0.4965733390049921 0.680702199866284
0 0.5192491887629511 0.673217202711078 0.4952238915900845 0.6030480890629604 0.4666043737393794 0.6128471642622777 0.49062967091224613 0.6830162779103953
0 0.5735382631817018 0.6136028132693211 0.5483838699289739 0.6007019388058146 0.5124554529551666 0.670755913213801 0.5376098462078944 0.6836567876773076
0 0.6018950932196259 0.6457905620109935 0.5783417939651387 0.6060443693279594 0.514988367933013 0.6435871401294657 0.5385416671875 0.6833333328125
0 0.6265625 0.64351851875 0.5364583328125 0.64351851875 0.5364583328125001 0.765740740625 0.6265625000000001 0.765740740625
0 0.6647952267402956 0.6095483691532969 0.6388433784391441 0.6021436296367977 0.6169406368243741 0.6789075220734302 0.6428924851255255 0.6863122615899293
0 0.7080757216145983 0.6276765147151893 0.6554142471759036 0.6068705311927157 0.6179345437386897 0.701734416978109 0.6705960181773843 0.7225404005005825
0 0.7880208328125 0.6351851859375002 0.6744791671875 0.6351851859375001 0.6744791671875001 0.7611111109375001 0.7880208328125001 0.7611111109375002
0 0.7815628910230281 0.620258436638669 0.7235609366115849 0.5930700108224296 0.7047987013126235 0.6330960985342509 0.7628006557240666 0.6602845243504902
0 0.8521807382328259 0.7085715960101318 0.8316474261803929 0.6092417025081089 0.7600968906712149 0.6240325114109566 0.7806302027236478 0.7233624049129794
0 0.9517646344244188 0.679136769673159 0.8615222046891094 0.619238359715532 0.7960537476597616 0.717872574505699 0.8862961773950708 0.7777709844633259