0 0.3300371641395266 0.7663224320544417 0.3277301417422452 0.6592621572024292 0.22339450923017531 0.6615104667773167 0.22570153162745674 0.7685707416293293
0 0.42656716381301685 0.6473343623282692 0.35399009791463537 0.6305242335270667 0.32953140352234345 0.7361236787003088 0.4021084694207249 0.7529338075015115
0 0.37329667756428725 0.6343966069231518 0.33322234717603394 0.6147122093222044 0.2943882855788645 0.6937722367770374 0.33446261596711774 0.7134566343779849
0 0.4098893499963279 0.6179618096106961 0.3634643765779786 0.6097084827052386 0.358214656854502 0.6392381622402908 0.4046396302728513 0.6474914891457483
0 0.5036458328125001 0.652777778125 0.40989583281249997 0.652777778125 0.4098958328125001 0.7638888890625 0.5036458328125002 0.7638888890625
0 0.4994791671875 0.625 0.4296875 0.625 0.4296875 0.6833333328125 0.4994791671875 0.6833333328125
0 0.521645121389601 0.6747258047751388 0.4957707880843982 0.6070804920781131 0.46272987997347287 0.6197186400159856 0.48860421327867565 0.6873639527130113
0 0.5760416671875002 0.6222222218750001 0.5566885346982284 0.6028993286246257 0.514274442119334 0.6453797968679449 0.5336275746086057 0.6647026901183193
0 0.6011702227097036 0.6555795849855837 0.578832660283396 0.613696654781836 0.5125090100472797 0.6490692676884009 0.5348465724735874 0.6909521978921485
0 0.6246692851001587 0.7636436696405753 0.6224946304300186 0.6511051766990787 0.5314007046629708 0.6528654440166239 0.533575359333111 0.7654039369581206
0 0.6813968726301559 0.6215263756190444 0.6573911497287965 0.5984914714301616 0.6111612706250804 0.6466697342276583 0.6351669935264399 0.6697046384165412
0 0.708217593125 0.6359953700000001 0.6635416675000001 0.6136574071875002 0.6237152784375002 0.6933101853125001 0.6683912040625001 0.7156481481250001
0 0.7880976788696261 0.761369182853488 0.7801374656466404 0.6387229379201667 0.6726774821052985 0.6456975043440523 0.6806376953282842 0.7683437492773737
0 0.7810191135095049 0.622582563975794 0.7228253824496494 0.596718690778963 0.7033236696060621 0.6405975570179647 0.7615174006659176 0.6664614302147958
0 0.8494241357657604 0.70526205396351 0.8323781440493576 0.614350103824693 0.7594221688244851 0.6280293500343095 0.7764681605408879 0.7189413001731265
0 0.9449552715575822 0.7570053885758958 0.9411703478089019 0.6377803053956022 0.8200429715274087 0.6416256194090122 0.823827895276089 0.7608507025893059