0 0.3291227056731654 0.7664561915794974 0.32796233486239185 0.6633281319912243 0.22497531277828356 0.6644869158837168 0.2261356835890571 0.7676149754719898
0 0.4217938637486678 0.6456709954052584 0.3446598997126272 0.6380528337359179 0.3344712308667181 0.7412132089611286 0.4116051949027587 0.7488313706304691
0 0.37391585418764256 0.6361802201735842 0.3345889771938268 0.6163030493447491 0.29558384036419555 0.6934745055562447 0.3349107173580113 0.7133516763850798
0 0.41190902168082655 0.6449522421365803 0.3807036013237315 0.6072283512175563 0.3576565749896178 0.6262929844570286 0.3888619953467129 0.6640168753760528
0 0.5023796785143931 0.6556191229516282 0.4111776469712585 0.653786935662854 0.4089692999098763 0.7637133277868415 0.500171331453011 0.7655455150756156
0 0.5126974920125984 0.6400385433581727 0.44247124644208735 0.6202874142603577 0.42835407234511996 0.6704818173238751 0.498580317915631 0.6902329464216901
0 0.5223456203620944 0.6738654327826238 0.4941238431076872 0.6086417705472412 0.4669920002901803 0.6203815103633519 0.4952137775445874 0.6856051725987344
0 0.5764700594061661 0.6210524232763752 0.5516607306711568 0.605266979416147 0.5107526821367748 0.6695604660601481 0.5355620108717841 0.6853459099203761
0 0.6016784912055844 0.659044795746629 0.5791807440666545 0.6156562818576743 0.5134679056734331 0.6497296042520698 0.5359656528123631 0.6931181181410244
0 0.6239583328125 0.6546296296875 0.5333333328125 0.6546296296875 0.5333333328125001 0.7629629625 0.6239583328125001 0.7629629625
0 0.6800837634924284 0.6212793437391827 0.6576247471138609 0.5994344412531833 0.6134784836214325 0.6448217647015007 0.6359375 0.6666666671875
0 0.7079517680651971 0.636454159041566 0.6554441779691016 0.6134820886382343 0.6206075433945248 0.6931086828656333 0.6731151334906205 0.716080753268965
0 0.784375 0.6453703703125001 0.6796875 0.6453703703125 0.6796875000000001 0.7638888890625001 0.7843750000000002 0.7638888890625002
0 0.7809332046288129 0.6246277196753773 0.7229918375363681 0.5988760019333135 0.7029746560580628 0.6439146619484504 0.7609160231505074 0.6696663796905142
0 0.8585460248393465 0.7011947928660044 0.8218049494673465 0.6116384255217898 0.7502380918155002 0.6409991889057854 0.7869791671874999 0.73055555625
0 0.9359375 0.7537037031249999 0.9286779426305569 0.6380045213313174 0.8178963097283983 0.644955526576695 0.8251558670978414 0.7606547083703775