0 0.33020011508182007 0.7652834820581617 0.32690035930811273 0.6601037792999996 0.22124001219543446 0.6634186141140762 0.2245397679691418 0.7685983168722382
0 0.4286816948178208 0.6364226628270866 0.3564453560307183 0.6193140558782984 0.328732582332164 0.7363235421334522 0.4009689211192665 0.7534321490822405
0 0.3721812689536342 0.6315165318939409 0.3309262605327488 0.6128907101255224 0.29388040692576406 0.6949449153851498 0.3351354153466494 0.7135707371535682
0 0.41127944948674167 0.6184751492356101 0.36430989010833087 0.6070885954030598 0.3572076486646735 0.6363853568388205 0.4041772080430843 0.6477719106713706
0 0.5041666671875 0.646296296875 0.409375 0.646296296875 0.4093750000000001 0.7638888890625 0.5041666671875001 0.7638888890625
0 0.5144165272725632 0.6309912794412011 0.44088711410214876 0.6126089330419795 0.42648420562103534 0.6702205885708021 0.5000136187914498 0.6886029349700238
0 0.5206574860565711 0.6743768673050321 0.49431782494735865 0.6055150113859044 0.46174944832671017 0.6179724160203733 0.48808910943592265 0.6868342719395011
0 0.5770833328125 0.6222222218750002 0.5577565330071512 0.6017149503583414 0.5145273673821513 0.6424556909833414 0.5338541671875002 0.6629629625000001
0 0.6017105492613117 0.6522284091978452 0.5744938456961719 0.6110631448897192 0.50924162924736 0.6542051060043741 0.5364583328124999 0.6953703703125
0 0.6277817196821157 0.7615344830241043 0.6174336279014447 0.6470587300696333 0.5265099295861968 0.6552778223308429 0.5368580213668678 0.769753575285314
0 0.6783820790887541 0.618157705994744 0.651597495948901 0.5990736904605163 0.6117570840476468 0.6549900579032724 0.6385416671875 0.6740740734375
0 0.7088044177638441 0.6303555394714219 0.6542107153916595 0.6104850377202505 0.6205059018295163 0.7030881628533713 0.6750996042017008 0.7229586646045426
0 0.7905604375854957 0.6423548165142616 0.6782916052732944 0.6387259224039334 0.6743467392691596 0.76077012828247 0.7866155715813609 0.7643990223927982
0 0.7820675710435938 0.6272502538549591 0.7266768737629298 0.5960929766197488 0.7032100021100512 0.6378118461485617 0.7586006993907153 0.668969123383772
0 0.8546618665595431 0.7003794203719244 0.826662082407738 0.6091208578772036 0.7565137668268347 0.6306436349315938 0.7845135509786398 0.7219021974263146
0 0.9374563343108168 0.7553029694729788 0.9354551031065877 0.6359794407229817 0.820895621095531 0.6379007718514064 0.8228968522997601 0.7572243006014034