0 0.3284569926170394 0.7663947851605273 0.32631997813562286 0.6696280842561556 0.2260621501344533 0.6718421974615403 0.22819916461586987 0.768608898365912
0 0.4171875 0.647222221875 0.3390625000000001 0.647222221875 0.3390625000000001 0.7481481484375 0.4171875000000001 0.7481481484375
0 0.37495706556089237 0.6418662333473094 0.3376383932100929 0.6205564235408761 0.29657569325397576 0.6924672223429804 0.3338943656047752 0.7137770321494136
0 0.41169237821204197 0.6266904278581282 0.3631666532581698 0.6136195253502645 0.3550842649761513 0.6436253914721848 0.4036099899300235 0.6566962939800485
0 0.5015625000000001 0.6611111109375 0.41093750000000007 0.6611111109375 0.4109375000000002 0.7648148140625 0.5015625000000001 0.7648148140625
0 0.5180203279057685 0.6516147923683695 0.4528243733468467 0.6195261510705661 0.42616964138966545 0.6736817844404215 0.49136559594858725 0.7057704257382248
0 0.5279011948589505 0.6665094764950875 0.48895028735303814 0.6098536197234667 0.4621107179801448 0.628305826498067 0.5010616254860571 0.6849616832696878
0 0.5776860943433035 0.6290590502219079 0.5578686512506476 0.6081238552920631 0.5170008380011603 0.6468096934754198 0.5368182810938162 0.6677448884052646
0 0.6020232597356233 0.6643838912872017 0.579108996216801 0.6214196465180937 0.5140649036686777 0.6561098286683918 0.5369791671875 0.6990740734374998
0 0.6244791671875001 0.6620370375 0.5354166671875 0.6620370375 0.5354166671875001 0.7638888890625 0.6244791671875002 0.7638888890625
0 0.6792679583754505 0.626746998803379 0.6568188700756041 0.6050604467149547 0.614274484951139 0.6491007650849544 0.6367235732509855 0.6707873171733787
0 0.709727071985319 0.640172742933833 0.6541857470365245 0.615539632617492 0.6185096215595262 0.6959801150651128 0.6740509465083206 0.7206132253814539
0 0.7797600387331332 0.7644639351436843 0.7772623579720219 0.6490158064193843 0.6812135659464664 0.6510937891690494 0.6837112467075777 0.7665419178933492
0 0.7733690215590507 0.6183525374769021 0.7116687307405545 0.6075067816554397 0.7021262728055114 0.6617927566863652 0.7638265636240076 0.6726385125078276
0 0.8536295388569395 0.7040277174498087 0.8238691258930373 0.6193758884312339 0.7552070594654043 0.6435148996673982 0.7849674724293065 0.728166728685973
0 0.9367270301224307 0.7566696914072109 0.9288693329789453 0.6428558393511442 0.8183663406171636 0.6504849550672176 0.8262240377606492 0.7642988071232841