0 0.32872289465144405 0.766516014600152 0.3275791846836197 0.6552186264155073 0.22281462284467562 0.6562952040028552 0.22395833281250002 0.7675925921874999
0 0.4198361682783004 0.63432274421186 0.3437947260996053 0.6313186408582896 0.33938277784305776 0.7429961927797067 0.4154242200217529 0.7460002961332771
0 0.37105371778223306 0.6244636222957121 0.32371093458865774 0.6082952165004437 0.2928893971284972 0.6985439017540056 0.34023218032207253 0.714712307549274
0 0.4099240953360451 0.6352238344729688 0.38577250936152224 0.6021960254507321 0.35994679137954955 0.6210810822153346 0.3840983773540724 0.6541088912375714
0 0.5041666671875 0.6416666671875 0.4088541671875 0.6416666671875 0.4088541671875001 0.7648148140625 0.5041666671875001 0.7648148140625
0 0.5107440788282853 0.629078154818011 0.4430490920967413 0.6105632824462169 0.4293650451795649 0.6605955676216361 0.4970600319111088 0.67911043999343
0 0.5202394728443954 0.6720181933580707 0.4949552535477695 0.6013829398534284 0.46725458336079645 0.6112985242807556 0.49253880265742245 0.6819337777853978
0 0.5745255612065632 0.6129740797192793 0.5499017499643413 0.5984189029393864 0.5126039477541487 0.6615176928243869 0.5372277589963709 0.6760728696042799
0 0.6048680219862193 0.6504494395814089 0.5881419283394311 0.6075470070177632 0.5250424888739689 0.632147176996318 0.541768582520757 0.6750496095599636
0 0.6316985070411959 0.7620972949507526 0.6182759311811054 0.6299687950704567 0.5284404297597979 0.6390949399510026 0.5418630056198884 0.7712234398312985
0 0.6645188084425981 0.6093368771555955 0.6417176224828807 0.6009338547223315 0.6173058897961547 0.6671738845460701 0.6401070757558722 0.675576906979334
0 0.7089024320690024 0.6258835882987053 0.6592213019558354 0.6039716693442134 0.6188341837720429 0.6955418178808179 0.6685153138852099 0.7174537368353098
0 0.7904967587310117 0.761203090115429 0.7827363503630043 0.626689312088222 0.6686263039792825 0.6332725823808075 0.6763867123472899 0.7677863604080144
0 0.783266686232879 0.6332231102723356 0.7351542929892019 0.5929722193591368 0.7068746126723395 0.6267752748776967 0.7549870059160166 0.6670261657908955
0 0.847838818048033 0.6300881752475131 0.7807446809206204 0.6057807647844677 0.748158577793969 0.6957260296225899 0.8152527149213815 0.7200334400856352
0 0.9362861290079193 0.7547994564542037 0.9301845315715888 0.6300980054363619 0.8180888167266209 0.6355828087064042 0.8241904141629514 0.760284259724246