0 0.32922867305594916 0.7663531546133522 0.32695391861527817 0.656311891991718 0.22087216906060397 0.6585047960453851 0.223146923501275 0.7685460586670193
0 0.4248534665781203 0.6391669501731696 0.35118571913392155 0.6262175408205655 0.3315427055870329 0.7379644569626633 0.40521045303123165 0.7509138663152675
0 0.37194502029122567 0.6274442899576695 0.3285480638402971 0.6099649605774132 0.29358160509713216 0.6967782389537758 0.3369785615480608 0.7142575683340321
0 0.4118532677526378 0.6374736586048904 0.3824780623935572 0.6018673470151845 0.35861541065980373 0.6215540335545982 0.3879906160188843 0.657160345144304
0 0.5062944957455641 0.7616106256210647 0.5031564109570569 0.6424614501903723 0.40834168434725815 0.644958627784973 0.41147976913576534 0.7641078032156655
0 0.49791666718750005 0.6175925921875 0.425 0.6175925921875 0.425 0.6703703703125 0.49791666718750005 0.6703703703125
0 0.527279606133329 0.6660896915089664 0.4911813865077613 0.6019150457512457 0.46546428037443216 0.6163809104922795 0.5015625 0.6805555562500002
0 0.5750757298059893 0.6156061101981052 0.5489629698957336 0.6009176827885006 0.5113872400897443 0.6677189804028956 0.5375000000000001 0.6824074078125002
0 0.6019688082703208 0.6455873824379293 0.5764216157114153 0.6066824363599526 0.5119945871334165 0.648988874769643 0.5375417796923221 0.6878938208476197
0 0.6282778342179733 0.7624593098367899 0.623709184250834 0.6429605404621147 0.5326862327666367 0.6464405093896888 0.5372548827337761 0.765939278764364
0 0.6658310897036526 0.6120343323877325 0.6430664825817025 0.602168114721455 0.61577706006555 0.6651337823337226 0.6385416671875002 0.675
0 0.7078894390042086 0.6281437495426483 0.6606345404942146 0.6083626286323549 0.6227040671163259 0.6989743122693253 0.66995896562632 0.7187554331796187
0 0.7938148131505743 0.6382340242345309 0.6776241229615405 0.6327982076210277 0.6718048711298615 0.7571848333631392 0.7879955613188954 0.7626206499766425
0 0.7816051611430157 0.619812596167716 0.7244326015146106 0.5940849510884426 0.7060897424588702 0.6348468708012036 0.7632623020872753 0.660574515880477
0 0.8603303846473566 0.6945859151726423 0.8202185724277993 0.6038278868952265 0.7531484171028069 0.6334705039396307 0.7932602293223642 0.7242285322170465
0 0.9420602595538712 0.75476514763966 0.9324030916736815 0.6290495112809168 0.8162794082973084 0.6379698487799971 0.8259365761774982 0.7636854851387402