0 0.32910031294161746 0.7665111976753225 0.32800547517294615 0.6642806194109021 0.22505613399793187 0.6653831547666809 0.22615097176660318 0.7676137330311013
0 0.4218793981754776 0.6457308834677712 0.34465486828108344 0.6381037770312419 0.3344712308667181 0.7412132089611286 0.41169576076111225 0.7488403153976579
0 0.3741914832823278 0.6371508454718828 0.3354516093973411 0.6163071090360577 0.294752833432362 0.6919492787118712 0.33349270731734876 0.7127930151476962
0 0.4098657366867197 0.6197665214317307 0.36260586008564333 0.6123532069645043 0.3574276233989237 0.6453644636577736 0.4046875000000001 0.652777778125
0 0.5005208328125 0.65 0.40989583281249997 0.65 0.4098958328125001 0.7648148140625 0.5005208328125001 0.7648148140625
0 0.5192677426701361 0.6527832694549949 0.4547771377236935 0.6165073075734935 0.42583611544563515 0.6679580186691023 0.49032672039207775 0.7042339805506038
0 0.5277394173821297 0.6666978723171039 0.49115753354374403 0.6081668735400758 0.46181920439654106 0.6265033340703978 0.4984010882349267 0.685034332847426
0 0.577458887685059 0.6239238518430359 0.5580247072129872 0.6051111133413642 0.5157812919848577 0.6487499570550098 0.5352154724569294 0.6675626955566816
0 0.6002776365687192 0.6569578991341644 0.5772938723454779 0.6161314749027982 0.5136025151166896 0.6519873492578208 0.5365862793399309 0.6928137734891868
0 0.6250300330489064 0.7628031440592103 0.6234452156068844 0.6540451209801408 0.5327045581112878 0.655367390111449 0.5342893755533098 0.7641254131905185
0 0.6791666671875001 0.6222222218750002 0.6558896374689945 0.6004928671203811 0.6133244175660965 0.646089798085111 0.636601447284602 0.66781915283973
0 0.7075111938494516 0.6366798176206695 0.6574062201743295 0.6153144908404637 0.6229193917734325 0.696191401684921 0.6730243654485546 0.7175567284651267
0 0.7871060190874493 0.6469906332471058 0.6814813621051039 0.6435765006973393 0.6776827232533196 0.7610968136526676 0.7833073802356648 0.7645109462024341
0 0.7783682368248382 0.6191146391270147 0.7168748666837236 0.6002473536056384 0.7023450724818374 0.6476037161262834 0.7638384426229521 0.6664710016476596
0 0.8486443001478878 0.6377521281680341 0.7812380414083305 0.6132646986426052 0.7487228558544758 0.7027688668172128 0.8161291145940333 0.7272562963426419
0 0.9342192001660548 0.7569954544336979 0.9314126847127463 0.6409635630309943 0.8206295795809136 0.6436431237341713 0.8234360950342221 0.7596750151368747