0 0.3283595459671599 0.7654576071907262 0.32606526163362304 0.6538263189352167 0.2220066627587977 0.6559649667722091 0.22430094709233458 0.7675962550277184
0 0.4189730168785741 0.744301736712785 0.4167475848746622 0.6256119096640427 0.33908391735873344 0.6270681019555702 0.34130934936264523 0.7457579290043126
0 0.36802850056168784 0.625135201890415 0.3238977651212135 0.6093934451775065 0.2933590854783489 0.6950061513448893 0.3374898209188233 0.7107479080577978
0 0.40625 0.609259259375 0.36197916718750006 0.609259259375 0.36197916718750006 0.640740740625 0.40625 0.640740740625
0 0.5040056724442501 0.762241435340165 0.5016410765804785 0.6398736821877333 0.40722657558692826 0.6416981182240091 0.40959117145069984 0.7640658713764409
0 0.5138537292200245 0.6473749301832681 0.45538751611179923 0.6112219105672728 0.4294560254771806 0.653157994295858 0.48792223858540584 0.6893110139118532
0 0.5205629497170502 0.6707731811251187 0.49282441268570515 0.6024937137264543 0.459146478161142 0.6161753763043771 0.4868850151924871 0.6844548437030415
0 0.5739138530078487 0.613093424034495 0.5501839814452534 0.5993469220471818 0.5132492956249047 0.663105349575187 0.5369791671875 0.6768518515625
0 0.6015625 0.6425925921875001 0.5755040847521317 0.6027095824525535 0.5145665847521317 0.6425243980775535 0.540625 0.6824074078125001
0 0.6711232119469256 0.611298433150751 0.6470950155324976 0.5986407231946848 0.614513470773072 0.6604904384814339 0.6385416671874999 0.6731481484375001
0 0.6308616196420554 0.6365341418564499 0.5420800299930761 0.6315401787496105 0.5348261484947775 0.7604981059041533 0.6236077381437568 0.7654920690109926
0 0.7074771859229868 0.6291539519378573 0.661651178826712 0.6041133116870693 0.6203631869895829 0.6796730333223684 0.6661891940858576 0.7047136735731564
0 0.7880208328125 0.6305555562500001 0.6744791671875 0.63055555625 0.6744791671875001 0.7611111109375001 0.7880208328125001 0.7611111109375002
0 0.782702338859077 0.6293477072823495 0.7326045307924678 0.5947121868930347 0.7084699195258918 0.6296211794360819 0.758567727592501 0.6642566998253965
0 0.8532059127349381 0.7065084776601013 0.8293786406054846 0.6076694264308531 0.7591307693637084 0.6246041817100225 0.782958041493162 0.7234432329392707
0 0.9375774277057156 0.754529098305602 0.9299569313507552 0.6302197539264862 0.8170000663054443 0.6371443128375228 0.8246205626604046 0.7614536572166386