0 0.3291460985328184 0.6603196082875158 0.22607783364187312 0.6583204413340675 0.2239583328125001 0.7675925921875 0.32702659770344533 0.7695917591409482
0 0.42632926930491993 0.6417612098505316 0.35269944733882647 0.6271435244997801 0.33080201533347003 0.7374416997157444 0.4044318372995635 0.7520593850664958
0 0.3720480758496726 0.6284667380582231 0.32917117221045017 0.6106129625806391 0.2940102492596429 0.6950540101966309 0.3368871528988654 0.7129077856742148
0 0.41139093143322886 0.6171146506931633 0.36567401882396194 0.6069553377324286 0.3595465684114404 0.6345288671737944 0.4052634810207073 0.644688180134529
0 0.5057988249359625 0.7616283150066652 0.5026279804292089 0.6439106943000569 0.4075091976079202 0.6464728159959217 0.4106800421146738 0.76419043670253
0 0.5115535464307591 0.6302170289472351 0.4422926112978791 0.6107373878974184 0.42543221995972685 0.670685436621742 0.49469315509260675 0.6901650776715587
0 0.5269873706095838 0.6647486476017331 0.4884847462929692 0.6028184964784347 0.4628424000651239 0.6187606119988966 0.5013450243817386 0.680690763122195
0 0.5755208328125001 0.6185185187500002 0.5563767417961356 0.600346588321624 0.5141892417961356 0.6447910320716239 0.5333333328125001 0.6629629625000002
0 0.5994969145166377 0.6469974498426925 0.5755648556935717 0.6107788428043134 0.5112201482064166 0.6532956994825343 0.5351522070294826 0.6895143065209134
0 0.6270833328125 0.64444444375 0.534375 0.64444444375 0.534375 0.7629629625 0.6270833328125001 0.7629629625
0 0.6808227024425797 0.6114825476785847 0.6553434023251283 0.5922829338488445 0.6122547407137742 0.6494647579517019 0.6377340408312255 0.6686643717814421
0 0.7087660057456087 0.6303360555316058 0.6627454807606599 0.6088691651152313 0.6230493198595864 0.6939694348385499 0.6690698448445352 0.7154363252549245
0 0.7943814148942921 0.6430449000558193 0.6798328346006723 0.6348992246706152 0.6711537614413555 0.7569487124847304 0.7857023417349753 0.7650943878699344
0 0.7815920609750109 0.6225854361810546 0.7239429007578351 0.5942112457418338 0.7043462569822101 0.6340266568338215 0.7619954171993859 0.6624008472730424
0 0.8596779068389004 0.6963094471074486 0.8233336071007589 0.6058525446367267 0.7563878136272424 0.6327504144261187 0.792732113365384 0.7232073168968406
0 0.9413902492282782 0.7559663853145799 0.9347245831880594 0.6314850743193974 0.8176988698523271 0.6377515115618888 0.8243645358925459 0.7622328225570714