0 0.3281250000000001 0.6555555562500001 0.2239583328125001 0.6555555562500001 0.2239583328125001 0.7675925921875 0.3281250000000001 0.7675925921875
0 0.41822916718750003 0.6231481484375 0.34166666718750005 0.6231481484375 0.34166666718750005 0.7453703703125 0.41822916718750014 0.7453703703125
0 0.3711275557682539 0.6249161975063892 0.3248804024211879 0.607991410901496 0.2923431730532101 0.696899724559908 0.3385903264002762 0.7138245111648012
0 0.4071594205518706 0.6094282779719937 0.364349026616314 0.6065010742510867 0.3623979388769435 0.6350357587790929 0.40520833281250007 0.6379629625
0 0.5036458328125 0.6398148140625 0.409375 0.6398148140625 0.4093750000000001 0.7638888890625 0.5036458328125001 0.7638888890625
0 0.5145207301290542 0.65484958904063 0.4627082935449288 0.6115032332202788 0.4282901769461177 0.6526436347574173 0.4801026135302431 0.6959899905777686
0 0.5177863557473176 0.6740274352313501 0.4962902008546683 0.6018428168633464 0.46595353714403503 0.610876896931837 0.48744969203668437 0.6830615152998407
0 0.5744348489797249 0.6129151017303442 0.5474872743238343 0.5987676249602116 0.5109062817596711 0.6684457056615326 0.5378538564155617 0.6825931824316653
0 0.6042654961298055 0.6439391347804924 0.5766934376443423 0.6019008166532266 0.5148558516999031 0.6424588030859446 0.5424279101853663 0.6844971212132105
0 0.6281976209684551 0.7647482830504446 0.6248769679223419 0.6407771064899481 0.5380097287477691 0.643103905108591 0.5413303817938823 0.7670750816690874
0 0.6638236100020991 0.6083430849778804 0.6392822582351766 0.6013487996276758 0.6176461482330775 0.6772649740247957 0.6421875 0.6842592593750002
0 0.7091805947249652 0.6260170446577082 0.6635579166755189 0.6069125475348159 0.6252106547630537 0.6984880950646077 0.6708333328125 0.7175925921875
0 0.7885416671875001 0.6324074078125002 0.6734375 0.6324074078125 0.6734375000000001 0.7611111109375001 0.7885416671875002 0.7611111109375002
0 0.7807138361865327 0.6173202788367904 0.723456494751364 0.5931648443351163 0.7059095412389264 0.6347576340793472 0.763166882674095 0.6589130685810213
0 0.8605318923560873 0.7011189354237197 0.8226412765164606 0.6038195724883211 0.754490749835677 0.6303589592615343 0.7923813656753036 0.7276583221969329
0 0.9429826302613676 0.7566415980020758 0.9384404351592506 0.6314473611492544 0.8190410920388681 0.6357793106474965 0.8235832871409852 0.7609735475003179