0 0.3273980893829827 0.7674346841336906 0.3263918693139281 0.679138933777481 0.22717207348066254 0.6802696444788701 0.22817829354971714 0.7685653948350797
0 0.4210074953137366 0.7431020356455689 0.41063191658893644 0.6511808785178611 0.33121938803556933 0.6601445487705775 0.34159496676036943 0.7520657058982851
0 0.3746883579043045 0.6499089187066348 0.33817147623162347 0.6286834811573611 0.2986464216899231 0.69668357474577 0.33516330336260414 0.7179090122950437
0 0.4099771248229679 0.6572953767770577 0.3850131252654089 0.615873630842382 0.354475560902364 0.6342779671649077 0.3794395604599231 0.6756997130995834
0 0.5008531907145448 0.7637269453699075 0.4994393695017056 0.6698844669346741 0.41024366630753645 0.6712282803054713 0.4116574875203757 0.7650707587407047
0 0.5149962275132229 0.6503837750819768 0.4435633474107954 0.630293280064481 0.4278714186258677 0.6860868116073038 0.49930429872829524 0.7061773066247994
0 0.5249121851418218 0.6691783652589247 0.49132158073217713 0.6179926686385364 0.46693022840285525 0.6339994893171118 0.5005208328124999 0.6851851859375001
0 0.579348119416548 0.6384354003784547 0.5588274570660505 0.6136396004657841 0.5170858083980256 0.6481844137521635 0.5376064707485231 0.6729802136648341
0 0.6024286080263497 0.6728404947440259 0.5800506123880462 0.6287838163105274 0.5150681794371761 0.6617907667399823 0.5374461750754795 0.7058474451734807
0 0.6249953803232089 0.7612039285230551 0.620244587460987 0.6632187819804487 0.5319823061284951 0.6674981634066478 0.5367330989907171 0.7654833099492542
0 0.684745952391272 0.6365904948597011 0.6577438282525904 0.6087984157558008 0.6115395430488185 0.6536894021460998 0.6385416671875002 0.6814814812500002
0 0.7093424207823321 0.6533460125872315 0.658357742435881 0.6270570377308224 0.6226096577444611 0.6963866563047245 0.6735943360909122 0.7226756311611335
0 0.7765625 0.6601851859375001 0.6828125 0.6601851859375001 0.6828125 0.7648148140625001 0.7765625000000002 0.7648148140625002
0 0.7805664487898316 0.6352260492909604 0.7218263511114775 0.6106550333244604 0.701447030186402 0.6593743578892063 0.760187127864756 0.6839453738557062
0 0.8457747087670624 0.7123832125294948 0.8326097490250202 0.6309250233321844 0.7573370336002686 0.6430903105550654 0.7705019933423107 0.7245484997523757
0 0.9289551790246188 0.7553017481838091 0.9237682587679489 0.6531842574906189 0.8196820089044168 0.6584711782149053 0.8248689291610868 0.7605886689080956