0 0.32807555915437703 0.7664993926165974 0.3269917819840015 0.6689593503523787 0.2261130317370572 0.6700802242412529 0.2271968089074327 0.7676202665054717
0 0.4227123027387572 0.6490387855161612 0.3458723094356764 0.6403942863776209 0.3343450247628653 0.7428590403056399 0.4111850180659461 0.7515035394441802
0 0.3741282133593404 0.6401683821418281 0.3360961601909927 0.6197191628564418 0.29603641733164604 0.694223438500148 0.3340684704999938 0.7146726577855343
0 0.41144569991566476 0.6501681137086458 0.381789646388689 0.6100994944047653 0.3564281550993471 0.6288703369310965 0.38608420862632287 0.668938956234977
0 0.5010416671875001 0.6601851859375001 0.41093750000000007 0.6601851859375001 0.4109375000000002 0.7638888890625 0.5010416671875002 0.7638888890625
0 0.5174952144984364 0.6617354849869732 0.4581707542553327 0.6216914748234285 0.4241654145753043 0.6720697564606066 0.4834898748184079 0.7121137666241513
0 0.5259674838709699 0.670238486504713 0.49228332039692013 0.6103555334280333 0.4669618552939595 0.6245988585499322 0.5006460187680094 0.6844818116266119
0 0.5788874256352919 0.6279635121535756 0.5592226652171804 0.6066702645825763 0.5168109911096612 0.6458383345293744 0.5364757515277727 0.6671315821003737
0 0.6016537584540436 0.6647098232818104 0.5804599646844683 0.6200041646364282 0.5156758206264896 0.6507166478053812 0.536869614396065 0.6954223064507634
0 0.6244791671875001 0.6611111109375 0.5354166671875 0.6611111109375 0.5354166671875001 0.7638888890625 0.6244791671875002 0.7638888890625
0 0.6786458328125 0.6259259265625001 0.6553322823359046 0.6048890902173455 0.6152281167109046 0.6493335339673456 0.6385416671875 0.6703703703125001
0 0.7100019485045939 0.6395790014104548 0.6547351435551859 0.614708939494097 0.6180418397691406 0.6962496155934562 0.6733086447185486 0.721119677509814
0 0.7796875000000001 0.6500000000000001 0.6817708328125 0.65 0.6817708328125001 0.7648148140625001 0.7796875000000002 0.7648148140625002
0 0.7783218874030955 0.6231237237252286 0.7177372839701852 0.6045352672267785 0.7026881950313024 0.6535841533171775 0.7632727984642127 0.6721726098156274
0 0.8524995259159788 0.69786909935685 0.8220200703696754 0.6165905626631696 0.7544401623962049 0.6419330317170056 0.7849196179425082 0.7232115684106859
0 0.9420291950238916 0.756236173166954 0.9324920605093856 0.6408964372926325 0.817103904184239 0.6504375755648135 0.8266410386987448 0.7657773114391351