0 0.32871338068495193 0.7665161123672108 0.3275698356989261 0.655234778989984 0.22281478782647418 0.656311258810273 0.22395833281250002 0.7675925921874999
0 0.42471396300165243 0.6382185123563515 0.3514019805398211 0.625293172261311 0.3312384629108505 0.7396597916240866 0.4045504453726819 0.752585131719127
0 0.37103847946060914 0.6248762042724121 0.3245559448985917 0.6083790554253781 0.2923980517826249 0.698987462494053 0.33888058634464235 0.7154846113410871
0 0.4067708328125 0.609259259375 0.3625000000000001 0.609259259375 0.3625000000000001 0.6425925921875 0.4067708328125 0.6425925921875
0 0.5083648943293101 0.7604102408452305 0.50234987333286 0.639451910786727 0.40528314965641477 0.6442788489619485 0.4112981706528648 0.765237179020452
0 0.5109300725037118 0.653575681166224 0.4652552758855831 0.6099887651450089 0.42607491065958847 0.6510459303789582 0.47174970727771726 0.6946328464001733
0 0.5290070373223479 0.6597729763198604 0.4878994129928412 0.6013087904519943 0.46071431329817714 0.6204233107180273 0.5018219376276838 0.6788874965858933
0 0.5746551502567547 0.6125559845830469 0.5488271376428338 0.5986330716421279 0.511671987386079 0.667558568309081 0.5375 0.6814814812500001
0 0.6038280093713813 0.6455640836357834 0.5815281957073793 0.608291536250685 0.5233133791967817 0.6431209120713837 0.5456131928607835 0.680393459456482
0 0.6294184627100619 0.7619144434297466 0.6204629152730451 0.634546625568121 0.530607666159087 0.6408645711796196 0.5395632135961037 0.7682323890412451
0 0.6647006081906638 0.6091638695022575 0.6418794002091637 0.600276764582089 0.6162412920184999 0.6661128950798316 0.6390625 0.675
0 0.7084850717038579 0.6253813174372176 0.6578733494156823 0.6045260510734528 0.6190150113466151 0.6988277675141845 0.6696267336347905 0.7196830338779492
0 0.7885416671875001 0.6324074078125002 0.6739583328125 0.6324074078125 0.6739583328125001 0.7620370375000001 0.7885416671875002 0.7620370375000002
0 0.7834486542879491 0.6271789306081866 0.730745846178364 0.5931084249840396 0.7051096154686053 0.6327644653919602 0.7578124235781903 0.6668349710161073
0 0.8450984447077998 0.6216590496529489 0.7735683450630381 0.6094527192752779 0.7530978611647818 0.729411438047735 0.8246279608095435 0.7416177684254062
0 0.9426194137389239 0.7533813735915492 0.9217119170728948 0.6240162541411347 0.8105528681133819 0.6419813552085116 0.831460364779411 0.7713464746589261