0 0.32891820268907784 0.76544612548712 0.3266053362441295 0.6529107012424286 0.22198808064738626 0.655060830783027 0.22430094709233458 0.7675962550277184
0 0.42835138408127865 0.7357930868063544 0.4078790677275562 0.6206363133623966 0.3277320680857541 0.6348846696023112 0.34820438443947654 0.750041443046269
0 0.3684094014517897 0.6232314027712011 0.32249365868817426 0.6077348397821879 0.2921880849335915 0.6975291335107878 0.3381038276972069 0.7130256964998011
0 0.4093548335970295 0.6091062024828348 0.3651750776633148 0.6027379484071256 0.3609734038825627 0.6318870558296406 0.40515315981627753 0.6382553099053497
0 0.5046804801612866 0.7640721762285658 0.502198876426988 0.6370449552601234 0.40807250075666646 0.6388838080948044 0.4105541044909651 0.7659110290632467
0 0.5174042352083524 0.6389894000720227 0.4517559156062217 0.6085438086562286 0.4308128679118557 0.6537022642666253 0.49646118751398643 0.6841478556824194
0 0.5150355172313512 0.6747101561957523 0.4979538953769291 0.6025877364405215 0.46870116112652555 0.6095160140325537 0.4857827829809477 0.6816384337877844
0 0.5741391573741754 0.6117155731691712 0.5480263965081291 0.5970271452219343 0.5108664063214536 0.6630893501777633 0.5369791671874999 0.6777777781250001
0 0.6025552574302042 0.6419892068472601 0.5808026642212685 0.6061993937805558 0.5185839351657372 0.6440151460059023 0.5403365283746729 0.6798049590726065
0 0.6270833328125 0.6370370375000001 0.5401041671875 0.6370370375000001 0.5401041671875001 0.765740740625 0.6270833328125001 0.765740740625
0 0.6678689964374549 0.6080148249276368 0.641247269571236 0.5992296549719363 0.6160866059462812 0.6754740894192995 0.6427083328125001 0.6842592593750001
0 0.709072561615964 0.6252363170515729 0.6650214175882533 0.6063706639779138 0.624994197619039 0.6998338918348193 0.6690453416467497 0.7186995449084782
0 0.7901041671875001 0.6305555562500001 0.6734375 0.63055555625 0.6734375000000001 0.7620370375000001 0.7901041671875002 0.7620370375000002
0 0.7825709271867797 0.621224449641432 0.7283341431785467 0.5928653482057229 0.7083625465118991 0.6310610286000451 0.7625993305201321 0.6594201300357543
0 0.8452619676492372 0.6220820650269137 0.7739379297828195 0.608040146068688 0.7543236982612019 0.7076679957899705 0.8256477361276197 0.7217099147481962
0 0.942699359372362 0.75548091115777 0.9366975882613666 0.6305690839338822 0.8176257033767793 0.6362902571383313 0.8236274744877748 0.7612020843622191