0 0.32839542362640456 0.7663846426949849 0.32627935534278546 0.6705664101606114 0.22567407525727595 0.6727881965234228 0.22779014354089505 0.7686064290577963
0 0.3747001724087152 0.6421996917768817 0.337113624288783 0.6210572589399297 0.29661844649144226 0.693048687771371 0.3342049946113745 0.7141911206083231
0 0.4171875 0.647222221875 0.3390625000000001 0.647222221875 0.3390625000000001 0.7481481484375 0.4171875000000001 0.7481481484375
0 0.41169220279891316 0.6260561071983027 0.3641667654549816 0.6135391215408657 0.3561091211678048 0.6441329944740329 0.40363455851173635 0.65664998013147
0 0.5002742362955697 0.7637282132510954 0.49848686091387046 0.6621828498437394 0.4104118260763232 0.6637331239648672 0.41219920145802236 0.7652784873722231
0 0.51695558452421 0.6510982947157868 0.4533850804162429 0.6204482291405146 0.4297785948930274 0.6694098269955921 0.4933490990009945 0.7000598925708644
0 0.527416093562474 0.6671596460825127 0.48938340815607423 0.6108149262576114 0.46133131168816977 0.6297500911367573 0.4993639970945695 0.6860948109616586
0 0.5787070164551342 0.6290560504384173 0.55961763565172 0.608385830210462 0.5178478716664912 0.6469610810781032 0.5369372524699054 0.6676313013060586
0 0.601245500079634 0.664823706426387 0.5790992825784901 0.6221670721724103 0.5148497042951676 0.6555237858443659 0.5369959217963115 0.6981804200983426
0 0.6244791671875001 0.6620370375 0.5354166671875 0.6620370375 0.5354166671875001 0.7638888890625 0.6244791671875002 0.7638888890625
0 0.6815473464024776 0.6302848018085836 0.6586015949499491 0.6050854491742997 0.6137789112016065 0.6458995992697864 0.636724662654135 0.6710989519040702
0 0.7084513738267113 0.6415920516131116 0.656476752381218 0.6187350314083309 0.6212874348247813 0.698752087110916 0.6732620562702745 0.7216091073156966
0 0.7802716978519173 0.764491528772596 0.7780223902908323 0.6480897448194212 0.6805715260809404 0.6499728514029915 0.6828208336420254 0.7663746353561665
0 0.7770531671333648 0.6232554049651109 0.7162386882606077 0.6061513325148967 0.702206353939743 0.6560440759872861 0.7630208328125001 0.6731481484375001
0 0.8529527514855897 0.7066213344869536 0.8246479045385072 0.6190532045422649 0.7551061404267894 0.6415313480272928 0.7834109873738718 0.7290994779719815
0 0.9327479785594093 0.755099944219283 0.9258118883246341 0.6450762142454597 0.8190522272900296 0.6518065318100996 0.8259883175248046 0.761830261783923