0 0.3301095348320723 0.7662379425063218 0.3277165722287941 0.6592276293706114 0.2232326477412348 0.6615640969186074 0.22562561034451298 0.7685744100543178
0 0.42566769499594237 0.6464377513323226 0.3527163865658727 0.6309528033061256 0.33013433695675853 0.7373393448192516 0.4030856453868282 0.7528242928454486
0 0.373211262904832 0.6333982237087119 0.33305467818203327 0.614261101316459 0.2952487119918091 0.6935916533831362 0.3354052967146078 0.7127287757753892
0 0.41228433460396685 0.6399249599222193 0.3789505733663745 0.6049076724512854 0.3568814063742282 0.625915820036657 0.39021516761182057 0.6609331075075908
0 0.503562124393173 0.7636921174284662 0.5020254758684508 0.6504602151667158 0.40953522570761336 0.651715382691256 0.4110718742323357 0.7649472849530063
0 0.5232818019811452 0.6727543756600569 0.49415806804389134 0.6072260357340731 0.4626825616542355 0.6212151627998295 0.49180629559148936 0.6867435027258133
0 0.5170440877617852 0.6619973452808713 0.46075158197028854 0.6161293742109359 0.42051044204401383 0.665516224108926 0.4768029478355105 0.7113841951788613
0 0.52611275980087 0.6667930536116398 0.491592482332598 0.6054236724918919 0.4627101880386405 0.6216699633091685 0.4972304655069125 0.6830393444289162
0 0.5760416671875002 0.6222222218750001 0.5560714623376348 0.6024955566800213 0.5146104632594214 0.644468421160063 0.5345806681092866 0.6641950863550418
0 0.6028078422143052 0.6557159987350492 0.5774033839508566 0.6135430487996237 0.5115747089240513 0.6531974203770747 0.5369791671875 0.6953703703125
0 0.6239170488887321 0.7627720241880244 0.6222232787778289 0.6522536023384987 0.5316763079078095 0.653641296356617 0.5333700780187127 0.7641597182061427
0 0.6779314668621833 0.6181257591452896 0.6544228146895715 0.5985352154232314 0.6124288478273883 0.6489279750279418 0.6359375 0.66851851875
0 0.7080376965485163 0.6322023782191295 0.6545217000910963 0.6122641946358715 0.6193649462790666 0.7066282927796367 0.6728809427364866 0.7265664763628947
0 0.7887268372312614 0.7596475232071137 0.7792553934548138 0.6371106948752547 0.6723599837348717 0.645373140353122 0.6818314275113193 0.767909968684981
0 0.7809300986037856 0.6222920407596529 0.7229823120773148 0.5969398909450776 0.704037265249849 0.6402428667211529 0.7619850517763198 0.6655950165357283
0 0.8470376794348136 0.6272139357355907 0.7753677074202008 0.6125541686909546 0.751904126730658 0.7272650072917252 0.8235740987452708 0.7419247743363612
0 0.9377531944135133 0.7561280248501947 0.9306837904618819 0.6367336199010314 0.8171836824368283 0.6434540195087397 0.8242530863884598 0.762848424457903