0 0.3291705844438342 0.7665105114311839 0.32805821336974 0.6588885030162654 0.22336679611340582 0.6599705837725816 0.2244791671875 0.7675925921875
0 0.42571797074542894 0.6424420779070475 0.35142741231194663 0.6294260052826418 0.33222562304374376 0.739022170640699 0.4065161814772261 0.7520382432651047
0 0.3731415123956455 0.6304456415626196 0.3306690674521054 0.6115192025616106 0.2936509306556551 0.6945908663286747 0.33612337559919525 0.7135173053296838
0 0.4135853344997347 0.6321553494643255 0.37563290569085733 0.6036099362928738 0.357515984381758 0.6276972095122113 0.3954684131906353 0.6562426226836628
0 0.5070912603773301 0.6512842144351044 0.41271236762371927 0.6474922035483568 0.4080538206945653 0.7634382053256286 0.5024327134481761 0.7672302162123763
0 0.5168734767324893 0.6514161313367998 0.455206040653745 0.613283605075269 0.42606912598064717 0.6604034525989239 0.48773656205939153 0.6985359788604544
0 0.5307520704911086 0.6584946980594137 0.48659139496304277 0.6024176410578346 0.4573375299734976 0.6254550561580737 0.5014982055015634 0.6815321131596528
0 0.576734913931968 0.6216060025437661 0.5592636497342068 0.6019508304111713 0.5158620686147388 0.6405300138049054 0.5333333328125 0.6601851859375001
0 0.6012074008230555 0.653949035188887 0.5767277205808454 0.6105211407042553 0.5102770770705044 0.6479784138308143 0.5347567573127145 0.691406308315446
0 0.6255208328124999 0.65 0.534375 0.65 0.534375 0.7638888890625 0.6255208328125 0.7638888890625
0 0.6792601201315193 0.6176533752630188 0.6523595096164543 0.5985528397311219 0.6116410566724351 0.6558994644681034 0.6385416671875002 0.6750000000000002
0 0.7090902951867214 0.6328951768810034 0.6607922743802976 0.6081424427345711 0.6189574415606965 0.6897713898238597 0.6672554623671203 0.7145241239702921
0 0.7877293581366333 0.7609731234542517 0.7863972084393539 0.6380821902399522 0.6748928517257509 0.6392909083378311 0.6762250014230302 0.7621818415521306
0 0.7808233759307203 0.6217814074521872 0.722091569682478 0.5953520817561877 0.7033069107991345 0.6370957478135797 0.7620387170473768 0.6635250735095791
0 0.854330686016953 0.707252771719937 0.8301129755137202 0.6101927341516709 0.7579346289236053 0.6282021471512482 0.7821523394268379 0.7252621847195142
0 0.9424753556237618 0.7206395311241347 0.8952885121926555 0.6207144517436716 0.7963242636455641 0.6674475694997104 0.8435111070766708 0.7673726488801735