0 0.3291328613845927 0.766498681424743 0.3279921892014194 0.6606299385552232 0.22451007923686622 0.6617448962008251 0.22565075142003949 0.7676136390703449
0 0.4261234637179155 0.6482475717708149 0.35265529051524974 0.6317172321803275 0.32912886697845123 0.7362791106450279 0.4025970401811169 0.7528094502355154
0 0.3732251864352314 0.6348227500106517 0.3339315281144109 0.6151095464940008 0.2950279094284328 0.6926548068977254 0.33432156774925337 0.7123680104143763
0 0.41057505001801325 0.6438623585141535 0.38326629935003625 0.6063473056620945 0.35823419830546743 0.6245692020517251 0.3855429489734444 0.6620842549037842
0 0.503125 0.652777778125 0.41041666718750003 0.652777778125 0.41041666718750014 0.7648148140625 0.5031250000000002 0.7648148140625
0 0.5175083629017505 0.6574773114358925 0.4560671199856413 0.617110120074323 0.42499259673235656 0.6644073747831314 0.48643383964846565 0.7047745661447008
0 0.5256088273251437 0.6695367543302516 0.4931627166244201 0.6070479461328497 0.4625213909691562 0.622957864611163 0.4949675016698797 0.6854466728085649
0 0.5760416671875 0.6231481484375001 0.5567493911527026 0.6045111800428524 0.5150605605719296 0.6476658611101418 0.5343528366067269 0.6663028295047895
0 0.6012134611762704 0.6581474874214466 0.5796211899778007 0.6143495277209359 0.5134520473356249 0.6469707293173068 0.5350443185340946 0.6907686890178175
0 0.6244791671875001 0.6546296296875 0.5333333328125 0.6546296296875 0.5333333328125001 0.7638888890625 0.6244791671875002 0.7638888890625
0 0.7874579366641223 0.7617148020050901 0.7808697088135403 0.6387346146764751 0.6723023184972395 0.6445507279877648 0.6788905463478215 0.76753091531638
0 0.7088713292389791 0.6371757338771934 0.6599081624955934 0.6115333855003519 0.619738502106987 0.6882359460742823 0.6687016688503726 0.7138782944511238
0 0.6812500000000001 0.6222222218750002 0.6576481540066192 0.5990542329140655 0.6112939868191192 0.6462764547890655 0.6348958328125001 0.6694444437500001
0 0.7805774954365422 0.6220698393015921 0.7222515199957208 0.5973815954201545 0.703337755201664 0.6420653641875663 0.7616637306424854 0.666753608069004
0 0.8572127027989114 0.6959702751218521 0.8200248261242464 0.6095164019661438 0.7529087630610984 0.6383861770840974 0.7900966397357634 0.7248400502398057
0 0.9355522583307812 0.7546229952577633 0.929804770193696 0.6371587189838136 0.8188165587811962 0.642589335411926 0.8245640469182813 0.7600536116858757