0 0.3274147003440975 0.7674071876442715 0.3263884663957182 0.6790869891820228 0.22715304480085377 0.6802400522445555 0.22817927874923302 0.7685602507068042
0 0.37493701753146036 0.6496359101346997 0.3390370191050823 0.628397656448028 0.2990145442067188 0.6960494891772274 0.3349145426330969 0.7172877428638988
0 0.4171875 0.6546296296875 0.33854166718750006 0.6546296296875 0.33854166718750006 0.7490740734375 0.4171875000000001 0.7490740734375
0 0.4099771248229679 0.6572953767770577 0.38515886538660804 0.6161154514792908 0.3546485910597391 0.6345033406812124 0.3794668504960991 0.6756832659789793
0 0.5013530722507343 0.7637375231150904 0.500026594482985 0.6697233173116456 0.4103043510419931 0.6709892383517689 0.41163082880974233 0.7650034441552137
0 0.5150487945664948 0.6512685932977428 0.44748763543439674 0.6275166340900885 0.4274824272352409 0.6844203632855461 0.49504358636733886 0.7081723224932004
0 0.5262066816865572 0.668956725334566 0.48964824233265974 0.6175464325244124 0.4646699350906691 0.6353087886705142 0.5012283744445665 0.6867190814806678
0 0.5806730724352742 0.6358456232742398 0.5564020425084937 0.6126074038361405 0.5127081372607194 0.6582432618119007 0.5369791671874999 0.68148148125
0 0.6018340377192903 0.6719146448826795 0.5792503841368548 0.6288003951396596 0.5152926070285831 0.6623020863606619 0.5378762606110186 0.7054163361036817
0 0.6252838421545825 0.7617332578073783 0.6214853972648953 0.6670094976413616 0.5323434610187622 0.6705841100891521 0.5361419059084496 0.7653078702551688
0 0.7785073598311385 0.659611824374733 0.6838544939324545 0.6573934000139963 0.6813588194253627 0.763875617135015 0.7760116853240467 0.7660940414957516
0 0.707928694881697 0.6522234672348493 0.6537309655904892 0.6285703631405924 0.620813568600162 0.7039959040735544 0.6750112978913698 0.7276490081678112
0 0.6841606060898162 0.6373131147286045 0.6620161020038997 0.6091225795354773 0.6151642066876744 0.6459261371889706 0.6373087107735909 0.6741166723820978
0 0.7798012936510658 0.6332444093821502 0.7208230210773149 0.6107764948170832 0.7020551433642149 0.660042171174738 0.7610334159379658 0.682510085739805
0 0.8518158778297341 0.6966591602976624 0.8134642463701619 0.6242171857679534 0.7495706648020837 0.658043197673884 0.7879222962616559 0.7304851722035931
0 0.929293186700515 0.7551995861201919 0.925011860526811 0.6534511784771292 0.8207816274820257 0.6578369338433591 0.8250629536557298 0.7595853414864219