0 0.3285299645526874 0.7665173058179946 0.32746582763823884 0.6671534226660513 0.2263365973090145 0.6682364655555741 0.22740073422346305 0.7676003487075176
0 0.41770833281249997 0.64351851875 0.33854166718750006 0.64351851875 0.33854166718750006 0.746296296875 0.4177083328125001 0.746296296875
0 0.37419068214319756 0.638167113066223 0.3357269481831087 0.6174585140110092 0.29558374341580124 0.6920196924064317 0.3340474773758901 0.7127282914616455
0 0.41172167633481827 0.6238193651301472 0.3638138370849092 0.6120718462768913 0.35625882793759117 0.6428821108342441 0.4041666671875002 0.6546296296875
0 0.5005208328125 0.6564814812499999 0.41145833281250005 0.6564814812499999 0.41145833281250016 0.7638888890625 0.5005208328125001 0.7638888890625
0 0.501377462699603 0.6942311420346365 0.4978760544657872 0.6288715566841407 0.42375840712944574 0.632842147061403 0.42725981536326163 0.6982017324118986
0 0.5232978839216363 0.673904650502181 0.49503329651597044 0.6103092811428912 0.46554982747817986 0.623413035331861 0.49381441488384575 0.6870084046911507
0 0.5774079890546255 0.6275641644240747 0.5593084337198897 0.6058625598896972 0.5157546118527642 0.6421872845281225 0.5338541671875 0.6638888890625
0 0.6000476036932305 0.6602223694719135 0.5763922657325609 0.6188654868812357 0.5133238292268304 0.6549394142843223 0.5369791671874999 0.6962962968750002
0 0.6244791671875001 0.6555555562500001 0.5338541671875001 0.6555555562500001 0.5338541671875002 0.7638888890625 0.6244791671875001 0.7638888890625
0 0.6809186850226623 0.6247414139105765 0.6586695057740782 0.6016155686839392 0.6131674879389162 0.6453926735233628 0.6354166671875002 0.6685185187500002
0 0.7085443582842765 0.6389329610165287 0.6550979633950185 0.6152763599030185 0.6206731036689043 0.6930510426691945 0.6741194985581622 0.7167076437827046
0 0.7828125000000001 0.6462962968750001 0.6802083328124999 0.646296296875 0.6802083328125 0.7638888890625001 0.7828125000000001 0.7638888890625002
0 0.7813158886474448 0.6255767615716799 0.7212248293221999 0.6014330266874788 0.7028072590524879 0.6472723018871223 0.7628983183777327 0.6714160367713233
0 0.8561219506390632 0.7034592326443377 0.8227176277852962 0.6142070482712569 0.754230755940054 0.6398395590544108 0.7876350787938209 0.7290917434274917
0 0.9375988367324297 0.7570030491243663 0.9349288208533373 0.6428598517073546 0.8207751383112496 0.6455301128524906 0.823445154190342 0.7596733102695024