0 0.3292162834081889 0.7654417276327284 0.32693654452558774 0.6538769886334407 0.22167859392989886 0.6560278531882122 0.22395833281250002 0.7675925921875
0 0.42203090254446246 0.6352274781089563 0.34713837530686736 0.6276193491118557 0.3354528070004963 0.7426491735279745 0.4103453342380914 0.7502573025250753
0 0.36992132850285947 0.6240302485389643 0.32337037791880735 0.6077445121525795 0.29207190876179545 0.6972076752860932 0.33862285934584757 0.7134934116724779
0 0.4085146638303921 0.6089763843141742 0.36444674998242793 0.6047416303775134 0.3616612533395361 0.6337282085633393 0.4057291671875002 0.6379629625000002
0 0.5111543707263563 0.638755366554965 0.4172388251526285 0.6295679712089871 0.40425735948355923 0.7622673255685435 0.498172905057287 0.7714547209145215
0 0.508666133050194 0.6232250071521028 0.43654872999216954 0.6097030092909869 0.4256806869343858 0.6676659708074939 0.4977980899924104 0.68118796866861
0 0.5266512719620625 0.6631057491446859 0.48798305172089673 0.6009092481783533 0.4626768035982229 0.6166424093800557 0.5013450238393886 0.6788389103463881
0 0.5747851751859321 0.6124189471033578 0.5486724157414755 0.5977305196824544 0.5123037210150241 0.6623859759465596 0.5384164804594804 0.6770744033674629
0 0.6033109814590095 0.6434550207178601 0.5787237828906873 0.6076380925712476 0.5197474380238509 0.6481235048360598 0.5443346365921732 0.6839404329826724
0 0.6288847322696481 0.764238811636646 0.6247808415684158 0.6326579064902604 0.5367868338149122 0.6354023608606116 0.5408907245161445 0.7669832660069973
0 0.6785426565968795 0.6080157730459315 0.6507921741443096 0.59143052355613 0.6113120175474303 0.6574888239476987 0.6390625000000001 0.6740740734375
0 0.7096814389319804 0.6254516930017019 0.6599028513985293 0.6031142507787239 0.6177458966042003 0.6970602649832763 0.6675244841376514 0.7193977072062543
0 0.7895833328125 0.6305555562500001 0.6723958328124999 0.63055555625 0.6723958328125 0.7620370375000001 0.7895833328125001 0.7620370375000002
0 0.7812499973743551 0.6180555504389502 0.725365115964934 0.5932178323537061 0.7068943289579797 0.6347771148079009 0.7627792103674007 0.6596148328931449
0 0.8459705295086257 0.6226236469011843 0.7752828601402812 0.6074762867449994 0.7528268947559491 0.7122707750299115 0.8235145641242937 0.7274181351860964
0 0.9452798347274853 0.7515373641384212 0.9151068630045076 0.6214164426769113 0.8056723095197913 0.6467925747448644 0.8358452812427692 0.7769134962063744