0 0.32914689728113367 0.6575357970560652 0.22484328834305237 0.6555801062586073 0.22272631137098364 0.7684856527348686 0.32702992030906497 0.7704413435323265
0 0.4251667015008994 0.6384442424196847 0.35120220351777764 0.6257818416744785 0.3316748556759298 0.7398463472233865 0.40563935365905157 0.7525087479685928
0 0.37081981124819563 0.6256546769958977 0.32600954622404915 0.6094509651621828 0.29339285103990614 0.6996502213827348 0.3382031160640526 0.7158539332164497
0 0.40520833281249996 0.6101851859375 0.3614583328125001 0.6101851859375 0.3614583328125001 0.6416666671875 0.40520833281249996 0.6416666671875
0 0.504408244318079 0.7618040214461177 0.5027155899189596 0.6389806637866567 0.4077760704385616 0.6402890451756783 0.40946872483768093 0.7631124028351393
0 0.5151816413237553 0.6361428947753334 0.4493771667773129 0.6091461894106666 0.4291683271843546 0.6584052398260718 0.49497280173079705 0.6854019451907387
0 0.5190678586192361 0.6742556198628537 0.4963344891924525 0.60240694218972 0.4658866201022035 0.612040837742203 0.4886199895289872 0.6838895154153366
0 0.5738636619147512 0.6129683440542132 0.5480422056150702 0.5997253545358323 0.5121643712893327 0.669680701844942 0.5379858275890137 0.6829236913633228
0 0.6033775834885093 0.6460156814173901 0.5819962699346545 0.6069279672772488 0.5179069157010467 0.6419853915466716 0.5392882292549015 0.6810731056868128
0 0.6294587154636953 0.642618681945881 0.53988843167598 0.6394697296455168 0.5354546017059351 0.7655876796181063 0.6250248854936504 0.7687366319184704
0 0.6649250001467657 0.6100313983730281 0.6428328841765689 0.6012370371244649 0.6169703840298031 0.6662056387514369 0.6390625 0.675
0 0.708924016354943 0.6274426538389528 0.6604109901724714 0.6079065132682099 0.6214723966153344 0.7046005865886589 0.6699854227978059 0.7241367271594017
0 0.7896758905661264 0.7616242784957465 0.7860516401238528 0.6327619100750843 0.6722093990921204 0.635963719862266 0.6758336495343941 0.7648260882829282
0 0.7820852732420742 0.6210400523231302 0.7262344662725279 0.5934594065613121 0.7061593112280692 0.6341115950181887 0.7620101181976155 0.6616922407800067
0 0.8603559642828532 0.7006671694898914 0.8230229559557809 0.604799687629458 0.755185525316804 0.631217147583388 0.7925185336438763 0.7270846294438214
0 0.9429424035562242 0.7538841565625133 0.9191042791978236 0.6242643472624705 0.8086183444910484 0.6445835983523838 0.8324564688494492 0.7742034076524267