0 0.3276041671875001 0.6740740734374999 0.22760416718750007 0.6740740734374999 0.22760416718750007 0.7675925921875 0.3276041671875001 0.7675925921875
0 0.4171875 0.6490740734375 0.3390625000000001 0.6490740734375 0.3390625000000001 0.7490740734375 0.4171875000000001 0.7490740734375
0 0.3745609604664305 0.6443841233966096 0.3376945633233701 0.6233325720670497 0.2971441333944242 0.6943462579792709 0.33401053053748464 0.7153978093088307
0 0.4120555547955555 0.6524166672913543 0.38150694429527787 0.6116851853514584 0.3555069441686111 0.6311851848370834 0.38605555466888875 0.6719166667769791
0 0.5029120878867548 0.7637171822445226 0.5016301941042076 0.6642100778671826 0.4098236965086205 0.6653927690850774 0.41110559029116767 0.7648998734624175
0 0.5147651102620983 0.6468466923040376 0.44731817256021944 0.6227037455582161 0.4281957202163696 0.6761251802124597 0.49564265791824835 0.7002681269582812
0 0.52273730633919 0.6735477449706491 0.49339060453487915 0.612680513772575 0.46507667692151494 0.6263318722165672 0.49442337872582576 0.6871991034146412
0 0.5790000509435209 0.6313861905391178 0.557243489630362 0.60996957599191 0.5152226058743411 0.6526574588902923 0.5369791671875 0.6740740734375
0 0.6244791671875001 0.6648148140625 0.5348958328125 0.6648148140625 0.5348958328125001 0.7638888890625 0.6244791671875002 0.7638888890625
0 0.6019600999476319 0.665628958295112 0.5781528824661104 0.6229207409544117 0.5131719497059783 0.6591436342217997 0.5369791671875 0.7018518515625
0 0.6800480366187964 0.6296716757971941 0.6568999818584871 0.6065893824905153 0.6142421286112912 0.6493687679616124 0.6373901833716007 0.6724510612682911
0 0.7104600493078291 0.6426259545573656 0.651178532484552 0.6149426046132408 0.6141707009263178 0.6941916981492666 0.6734522177495947 0.7218750480933913
0 0.7786458328125001 0.6527777781250002 0.6822916671875 0.6527777781250002 0.6822916671875001 0.7648148140625001 0.7786458328125001 0.7648148140625002
0 0.7829377403227309 0.6336217137482123 0.7237970949232088 0.6058995341380232 0.7014590837160153 0.6535539544726214 0.7605997291155374 0.6812761340828106
0 0.8468575898330339 0.6461544422838091 0.7817696180866788 0.6200030251810389 0.7484747510207171 0.7028702502484865 0.8135627227670723 0.7290216673512567
0 0.9314594670085767 0.7550408334637722 0.9265070464057388 0.647789958722045 0.8201767119232164 0.6526998724217328 0.8251291325260544 0.7599507471634599