0 0.32962215858561134 0.7663293304707621 0.32732057455784414 0.6601687499550897 0.22386169568266112 0.6624117605150655 0.22616327971042832 0.7685723410307379
0 0.42921285833618333 0.6507616898039489 0.3560906860829817 0.6301960789495468 0.32679440059217474 0.7343606500485474 0.39991657284537635 0.7549262609029496
0 0.37223660574934014 0.633538045863744 0.3332184806428408 0.6151019819813739 0.2957517551125804 0.6943966401794575 0.33476988021907966 0.7128327040618275
0 0.4105356240864041 0.6185420156241214 0.36367575190123624 0.6092857460214918 0.3578276278148322 0.6388918788348705 0.4046875000000001 0.6481481484375001
0 0.5045082607545787 0.7628728906050626 0.4975088700363871 0.6508826916094045 0.4056800751379027 0.6566219939808565 0.4126794658560943 0.7686121929765146
0 0.5172048329964835 0.650499261613384 0.4520688334865679 0.6164412182213967 0.4258351426483052 0.6666131454198443 0.4909711421582207 0.7006711888118315
0 0.522770027487475 0.6733411883586236 0.49420921186023764 0.6065322736218022 0.46248599629371767 0.6200939504499264 0.4910468119209551 0.6869028651867478
0 0.5760416671875 0.622222221875 0.5592260700197378 0.6043795354100225 0.5159969028322378 0.6451202760350225 0.5328125 0.6629629624999999
0 0.601294208101709 0.6562209314639074 0.5793434769221323 0.6130054298626656 0.512797708612325 0.6468064553554486 0.5347484397919018 0.6900219569566903
0 0.6244791671875001 0.6537037031249999 0.5333333328125 0.6537037031249999 0.5333333328125001 0.7638888890625 0.6244791671875002 0.7638888890625
0 0.68158216522918 0.6218838363294668 0.6579803192357991 0.598715847368532 0.6112939868191192 0.6462764547890655 0.6348958328125001 0.6694444437500001
0 0.7082817526340797 0.6357203438972038 0.661599519308165 0.6126769444578508 0.6220135987826831 0.6928716736797803 0.6686958321085978 0.7159150731191332
0 0.7910673113969975 0.6447005016064578 0.6808044895789799 0.6385747846889498 0.6741698693692161 0.7579978588973812 0.7844326911872337 0.7641235758148892
0 0.7803734780078153 0.6210684094470215 0.7207863268318566 0.596992791414979 0.7031270562778374 0.6406994835031747 0.762714207453796 0.6647751015352171
0 0.8579835465461443 0.6997989714340004 0.8229399617688855 0.6094522423661399 0.7538327217031039 0.636257478714526 0.7888763064803627 0.7266042077823863
0 0.9388889974933715 0.7564829200498097 0.9298392035291055 0.6358190593498879 0.8166564137304805 0.64430777272303 0.8257062076947465 0.7649716334229517