0 0.32751099408621065 0.7665032952151706 0.32559631210818696 0.6760345576178067 0.22634929627180803 0.6781350232332359 0.22826397824983174 0.7686037608305998
0 0.4171875 0.652777778125 0.3390625000000001 0.652777778125 0.3390625000000001 0.7490740734375 0.4171875000000001 0.7490740734375
0 0.3748079811774976 0.6467463696909169 0.33827689820510976 0.625876562230421 0.2980130832682583 0.696355447434666 0.33454416624064615 0.7172252548951621
0 0.416861018000058 0.6446956459112849 0.3737794229311132 0.6131587949860315 0.3542316813245631 0.6398624088123377 0.39731327639350794 0.6713992597375911
0 0.5071815941018127 0.7632559010953852 0.5034574982183138 0.6658475029225526 0.40827396094404866 0.6694865384265654 0.41199805682754764 0.7668949365993981
0 0.5094172347482635 0.6527694183591266 0.44099223243670255 0.635005233444012 0.42897083050093904 0.6813098885223854 0.49739583281250005 0.6990740734374998
0 0.5250667743990385 0.6688212248798078 0.48943643281250004 0.6153757125 0.46489049122596154 0.6317396735576923 0.5005208328124999 0.6851851859375
0 0.5805421315627314 0.637287698034271 0.5608743072205115 0.6123956086290268 0.517648757908597 0.6465491301403061 0.5373165822508169 0.6714412195455504
0 0.6013505682814511 0.6684834590353368 0.5780095340888869 0.6260062086114085 0.5144836680362243 0.6609133505956314 0.5378247022287885 0.7033906010195596
0 0.6248116564204202 0.7637540629590335 0.6234554821304719 0.666109415675245 0.5341080041367826 0.6673503516189696 0.5354641784267311 0.7649949989027582
0 0.6901041671874999 0.6425925921875 0.6703302239614916 0.6067124537814997 0.6153937934521416 0.6369885314721525 0.63516773667815 0.6728686698781527
0 0.7770833328125001 0.6564814812500002 0.6828125 0.65648148125 0.6828125 0.7648148140625001 0.7770833328125002 0.7648148140625002
0 0.7095888590689983 0.6488890091145503 0.654656972719728 0.6240593058828505 0.6189559593938491 0.7030422880099676 0.6738878457431193 0.7278719912416673
0 0.782766718933234 0.6394679819060676 0.7258292912533413 0.6086612601904264 0.700723834694422 0.6550615273265558 0.7576612623743146 0.685868249042197
0 0.8487933910263527 0.6622481654134758 0.7957152071243289 0.6207808322184877 0.7454567721198926 0.6851116258880406 0.7985349560219166 0.7265789590830287
0 0.9292887499673219 0.7552297704648244 0.925889939935637 0.6507163175404282 0.8214935148991854 0.654111321788758 0.8248923249308705 0.758624774713154