0 0.32922867305594916 0.7663531546133522 0.3269410153490597 0.6556876963944979 0.22066794170212156 0.6578845554675652 0.22295559940901102 0.7685500136864195
0 0.4247393035570937 0.639237731726489 0.3506369693960243 0.6264123272561204 0.3311860410604235 0.7387954645363349 0.40528837522149297 0.7516208690067036
0 0.3718944126565432 0.6273876028939963 0.32823379237511724 0.6101052740325985 0.2942871849906191 0.6958651242671201 0.3379478052720451 0.7131474531285178
0 0.40729166718750004 0.6101851859375 0.36197916718750006 0.6101851859375 0.36197916718750006 0.64351851875 0.40729166718750004 0.64351851875
0 0.5088927544370297 0.6471533733544537 0.4132572230113549 0.6434433779605475 0.4086359126999663 0.7625706060532137 0.5042714441256411 0.76628060144712
0 0.49791666718750005 0.6175925921875 0.43125 0.6175925921875 0.43125 0.672222221875 0.49791666718750005 0.672222221875
0 0.5202939199216408 0.6733259667373164 0.49597782100796034 0.6030794385010397 0.46735606526982754 0.6129869664755286 0.491672164183508 0.6832334947118053
0 0.5770184222559634 0.6158561374963766 0.5493230710206461 0.6002775025482187 0.5103254815771827 0.6696065509893423 0.5380208328125 0.6851851859375002
0 0.6023810764255303 0.6476031444027652 0.5790513938334855 0.6092185264928496 0.5141703174079553 0.6486524195900841 0.5375 0.6870370374999999
0 0.6265625 0.64444444375 0.5354166671875 0.64444444375 0.5354166671875001 0.7629629625 0.6265625000000001 0.7629629625
0 0.6652911060473133 0.6115266572460966 0.642727471325079 0.6025193996956665 0.6170196980902658 0.66691866901207 0.6395833328125 0.6759259265625002
0 0.7084853194451455 0.6282682035503523 0.6590801726258255 0.6081787612439667 0.6223377203940839 0.6985379767625605 0.6717428672134038 0.718627419068946
0 0.7880208328125 0.6333333328125001 0.6744791671875 0.6333333328125 0.6744791671875001 0.7611111109375001 0.7880208328125001 0.7611111109375002
0 0.7826208722241323 0.6249514086369292 0.727456758654103 0.5943046823235586 0.7057144260126317 0.6334408854810295 0.760878539582661 0.6640876117944
0 0.857085107316065 0.7026723295849222 0.8270604691053176 0.6065935125312197 0.7575731912813499 0.6283082925513378 0.7875978294920973 0.7243871096050403
0 0.9520100862990526 0.7517597860636609 0.9252732425826584 0.6217757521065448 0.807577255229028 0.6459850270776456 0.8343140989454222 0.7759690610347617