0 0.32877131872576154 0.7654508201407826 0.3264911450687403 0.6538648043649863 0.22167815915547875 0.6560065764117036 0.22395833281250002 0.7675925921875
0 0.41770833281249997 0.622222221875 0.3411458328125001 0.622222221875 0.3411458328125001 0.7453703703125 0.4177083328125001 0.7453703703125
0 0.3702638695059228 0.625853048081824 0.3239005033512513 0.6088857317896501 0.29153032720534666 0.6973375708018116 0.3378936933600182 0.7143048870939854
0 0.40520833281249996 0.6074074078125 0.3630208328125001 0.6074074078125 0.3630208328125001 0.6388888890625 0.40520833281249996 0.6388888890625
0 0.5036458328125 0.6388888890625 0.4088541671875 0.6388888890625 0.4088541671875001 0.7648148140625 0.5036458328125001 0.7648148140625
0 0.5185881361756978 0.6406622654430221 0.4519466413478991 0.6083512321401636 0.4236608047237735 0.666690760233184 0.4903022995515721 0.6990017935360424
0 0.5266512719620625 0.6631057491446859 0.48798305172089673 0.6009092481783533 0.4628942797588341 0.6165072021586676 0.5015624999999999 0.6787037031250001
0 0.5747370973225638 0.6137228374775148 0.552524581697147 0.5978815464771714 0.5147666515620832 0.6508253761871569 0.5369791671875002 0.6666666671875001
0 0.604531198151697 0.6427037395010222 0.578642929006006 0.6062983611774182 0.5161360960026218 0.6507476648449257 0.5420243651483128 0.6871530431685299
0 0.6301465332599185 0.6431733471973305 0.5412586023457348 0.6379102474530889 0.5337338488142003 0.7649950082519125 0.6226217797283841 0.7702581079961541
0 0.6738772552800791 0.6122216915728593 0.6476048172616142 0.597212535578836 0.6122692291690353 0.659064917443477 0.6385416671875002 0.6740740734375003
0 0.7113262304031609 0.6264509713479051 0.665328309627953 0.6057519064815848 0.6227315054334392 0.7004114689917926 0.6687294262086472 0.721110533858113
0 0.793565132926574 0.6343082434186964 0.6764421081087042 0.6301438664232301 0.6718855609478075 0.7582966697814506 0.7890085857656773 0.7624610467769168
0 0.7834975606702657 0.6257656456185423 0.732132488012464 0.5931529029957288 0.7088488355935398 0.6298246577165485 0.7602139082513415 0.662437400339362
0 0.8454068412673132 0.6217190806646239 0.7742957304209523 0.6083857430952172 0.7555725854418455 0.7082424842203122 0.8266836962882065 0.7215758217897189
0 0.9443892369434556 0.7512813241247658 0.9151837842746356 0.6219103025808307 0.8045590453765573 0.6468837899764696 0.8337644980453772 0.7762548115204047