0 0.3286458328125001 0.659259259375 0.22447916718750008 0.659259259375 0.22447916718750008 0.7675925921875 0.3286458328125001 0.7675925921875
0 0.42564485312146927 0.6426273433749972 0.3518154745672027 0.6294764837302352 0.33243837593885667 0.7382601821773054 0.40626775449312313 0.7514110418220672
0 0.37314370396726115 0.6303698183458067 0.33004612365986324 0.611344145794954 0.2930432691731317 0.6951642309237391 0.33614084948052964 0.714189903474592
0 0.41178498882692754 0.6178961898537974 0.365678765056626 0.6065904513155391 0.35889181368803513 0.6342684926446828 0.4049980374583367 0.645574231182941
0 0.5057291671875 0.6481481484375 0.40989583281249997 0.6481481484375 0.4098958328125001 0.7648148140625 0.5057291671875002 0.7648148140625
0 0.512950652968051 0.652928087879413 0.4624262025313913 0.6130075339489711 0.44270833281250005 0.6379629625 0.4932327832491598 0.6778835164304418
0 0.5306942562654562 0.6580244575311649 0.4867842776988772 0.6022657459269629 0.4579161779760632 0.6249993709268472 0.5018261565426422 0.6807580825310493
0 0.5762366710204873 0.617349101354185 0.5506741646676664 0.601701464501212 0.5112339117027889 0.6661323895312743 0.5367964180556097 0.6817800263842473
0 0.6014309491740717 0.6529888855032918 0.5808148337300526 0.6117187594301691 0.5155730041643858 0.6443097209339373 0.5361891196084049 0.68557984700706
0 0.6254460388966727 0.6498914268160492 0.5351674407915229 0.6483978440698441 0.5332346826143504 0.7652221038269602 0.6235132807195002 0.7667156865731652
0 0.6801646248120798 0.6178635626029172 0.6524026861122969 0.5976394455469902 0.610779728487717 0.6547758829440731 0.6385416671875 0.6750000000000002
0 0.7087906323675737 0.6317156781506361 0.658525346407695 0.6083587101966076 0.6230796138512138 0.6846395822051518 0.6733448998110925 0.7079965501591802
0 0.7889436487825048 0.7601105679277215 0.7837627012691202 0.6357677032636215 0.6719583483228507 0.6404262133112011 0.6771392958362352 0.764769077975301
0 0.7817411453563613 0.6227970545705342 0.7242606362630097 0.5949277158782121 0.70377323384329 0.6371829819283634 0.7612537429366417 0.6650523206206855
0 0.8506008140906713 0.6342207904639389 0.7821014930403674 0.6077308191688989 0.7471864069804497 0.698016295996317 0.8156857280307536 0.7245062672913568
0 0.9408820839079578 0.7563426968829263 0.937038798710585 0.6338379979709922 0.820432888210221 0.637496223114457 0.8242761734075936 0.7600009220263911