0 0.3291705844438342 0.7665105114311839 0.3280681164494519 0.6598466269309442 0.2233766991931177 0.6609287076872603 0.2244791671875 0.7675925921875
0 0.4254908838073117 0.6423792823298484 0.35087725393723257 0.6297216115314874 0.3324369803817769 0.7384221590246269 0.40705061025185607 0.7510798298229882
0 0.37314438764431596 0.6303414778673471 0.3304121336172484 0.6115433946660002 0.2935961446467136 0.6952343846512923 0.33632839867378117 0.7140324678526392
0 0.4130991771530944 0.6343263179826856 0.37701495973004 0.6034394186477261 0.357769443351298 0.6259233653170978 0.3938536607743524 0.6568102646520573
0 0.5082963261392179 0.6513511784646654 0.4128216479131005 0.6473730648828545 0.40798641050873724 0.7634187045647512 0.5034610887348546 0.767396818146562
0 0.5144527045273655 0.6364981577131072 0.4452517883734609 0.6131428488031058 0.4275496650507423 0.6655935852297579 0.49675058120464693 0.6889488941397592
0 0.530565667268583 0.6581257213504705 0.486655688702004 0.6023670097462686 0.4573375299734976 0.6254550561580737 0.5012475085400766 0.6812137677622758
0 0.5775371428339916 0.6208768943959896 0.5601424105954311 0.6015407856448751 0.5154177677614395 0.6417750021863856 0.5328125 0.6611111109375001
0 0.601392237490108 0.6525700318203949 0.5767560277703161 0.6109964284379162 0.5109248091476077 0.6500075214427155 0.5355610188673996 0.6915811248251941
0 0.6263082096477334 0.764458153945823 0.6239491224717101 0.6490104046395165 0.5325476694296338 0.6508781239933981 0.534906756605657 0.7663258732997045
0 0.6792127775957549 0.6177462303086425 0.6523726601740854 0.5980426276917025 0.6117015497658304 0.6534445458205601 0.6385416671874999 0.6731481484375001
0 0.7079925448742099 0.628723973470653 0.6522622247904117 0.6103881727589777 0.6203061397858626 0.7075163469758033 0.6760364598696607 0.7258521476874786
0 0.7885416671875001 0.6398148140625001 0.6760416671875 0.6398148140625 0.6760416671875001 0.7601851859375002 0.7885416671875002 0.7601851859375002
0 0.7808277072946792 0.6217717822036374 0.7224424011584641 0.5954983816340634 0.7036534109111617 0.6372516729400053 0.7620387170473768 0.6635250735095791
0 0.85353049787212 0.7060070858640367 0.8304663701246981 0.6103270018877388 0.7581086049846377 0.6277691765739746 0.7811727327320596 0.7234492605502726
0 0.9408501557231046 0.7569685574323379 0.9354871886243462 0.6332851086375154 0.8189993846839474 0.6383360695059767 0.8243623517827059 0.7620195183007992