0 0.3270833328125001 0.6768518515624999 0.22812500000000008 0.6768518515624999 0.22812500000000008 0.7675925921875 0.3270833328125001 0.7675925921875
0 0.4171875 0.652777778125 0.3390625000000001 0.652777778125 0.3390625000000001 0.7490740734375 0.4171875000000001 0.7490740734375
0 0.3742643773162463 0.6468629808544645 0.3380464301297529 0.6258537420002079 0.2977404075725212 0.6953375251302034 0.3339583547590146 0.7163467639844601
0 0.41237428286043354 0.6510376734106071 0.37881106153121297 0.6132790547250393 0.354823994896849 0.6346008947317459 0.3883872162260696 0.6723595134173137
0 0.5108290661216274 0.6738938510528604 0.42128872456988864 0.6620145350983109 0.40802958734351513 0.7619552792011886 0.49756992889525387 0.773834595155738
0 0.5086130750777261 0.6392487747566137 0.43984997160881684 0.6263556958780094 0.4290697068913909 0.6838504545129495 0.4978328103603002 0.6967435333915537
0 0.5202608772252708 0.6784617752562416 0.4948359155430436 0.6163118652141013 0.4648617257299795 0.6285740330424414 0.49028668741220666 0.6907239430845817
0 0.5802558183648582 0.6379243129455867 0.5599492368796852 0.6129752739989286 0.5166725857023271 0.6481991094908419 0.5369791671875002 0.6731481484375001
0 0.6018984901647959 0.6719960898830547 0.5806094677517626 0.6272891425761832 0.5164603232566495 0.657836354076877 0.5377493456696827 0.7025433013837485
0 0.6244791671875001 0.6666666671875 0.5348958328125 0.6666666671875 0.5348958328125001 0.7638888890625 0.6244791671875002 0.7638888890625
0 0.6851680055095366 0.6369427661821481 0.6624885867666526 0.6077355548400685 0.6154737910631487 0.6442425745066365 0.6381532098060326 0.6734497858487162
0 0.7780414305808765 0.7645846593222668 0.7763154667765776 0.6558488289738855 0.6813061518105104 0.6573569118034117 0.6830321156148094 0.766092742151793
0 0.7091320618319725 0.6485401961838997 0.6551757145546728 0.6249924366119342 0.6212154816789355 0.7028074878936181 0.6751718289562351 0.7263552474655837
0 0.7745678414108347 0.6240345501324194 0.7138673023226425 0.6109022277223218 0.7020341581696657 0.6655976735668198 0.7627346972578579 0.6787299959769173
0 0.8375 0.6324074078125002 0.7651041671875001 0.6324074078125002 0.7651041671875001 0.7240740734375002 0.8375 0.7240740734375002
0 0.9299065438931657 0.7543311521381848 0.9255665688387531 0.6501717068900097 0.8210412463992934 0.6545269268209613 0.8253812214537062 0.7586863720691363