0 0.32858674262861787 0.7665231402480157 0.32751813658678414 0.6661408592098779 0.2251014213341426 0.6672311225469121 0.22617002737597636 0.7676134035850499
0 0.374326383875613 0.6378566856743327 0.33505122931310866 0.6167536165176969 0.2946608497058667 0.6919245971053158 0.33393600426837106 0.7130276662619515
0 0.4274119666204411 0.6525891748963646 0.3555423996785577 0.6338548838227603 0.32851592900096727 0.737535387981397 0.40038549594285067 0.7562696790550012
0 0.41147583210308725 0.648678652630978 0.3836252953242851 0.608168777845429 0.3574144677737852 0.6261887204041862 0.38526500455258733 0.6666985951897352
0 0.4994791671875 0.6564814812499999 0.4109375 0.6564814812499999 0.41093750000000007 0.7638888890625 0.49947916718750013 0.7638888890625
0 0.5170520935905257 0.6639949160721474 0.4590056196287751 0.6201375794159828 0.4243126504048197 0.6660547437550326 0.4823591243665703 0.7099120804111972
0 0.5228717213500864 0.6742974717866603 0.4949477382171893 0.6100540522360889 0.4676480420039514 0.6219201120119324 0.49557202513684845 0.6861635315625038
0 0.5760416671875 0.6259259265625001 0.5585367739951368 0.6071935558751557 0.5171673444920675 0.6458521675889136 0.5346722376844306 0.6645845382762581
0 0.6011260539149704 0.6596124066658166 0.5777293056994436 0.6176405378982914 0.5135824189719733 0.6533985015449749 0.5369791671875 0.6953703703125
0 0.6244791671875001 0.6555555562500001 0.5333333328125 0.6555555562500001 0.5333333328125001 0.7638888890625 0.6244791671875001 0.7638888890625
0 0.6808249951322993 0.6243304633898916 0.658363556898123 0.6009839948887012 0.6124343945783236 0.6451720502488099 0.6348958328125001 0.6685185187500002
0 0.707023895162802 0.6347857025527791 0.6509734341787913 0.6155183576158401 0.619232573562859 0.7078554115988924 0.6752830345468698 0.7271227565358315
0 0.7849942925744214 0.7622648715067835 0.7805515135884568 0.6423098201427588 0.678361872585807 0.6460946210700002 0.6828046515717717 0.7660496724340248
0 0.7795128898184821 0.6215050156098846 0.7182607280684021 0.6008324112776402 0.7026245501439791 0.6471618279291222 0.763876711894059 0.6678344322613667
0 0.8468434198375634 0.6352974698228143 0.7778238126168924 0.6158857052368536 0.7505005659407354 0.713035026476086 0.8195201731614065 0.7324467910620467
0 0.933248653856598 0.7553785596154968 0.9282473243350188 0.6400353470614164 0.8208375109331468 0.6446926811062976 0.8258388404547261 0.7600358936603782