0 0.32858674262861787 0.7665231402480157 0.327519139860964 0.6662351043729613 0.22510242460832247 0.6673253677099955 0.22617002737597636 0.7676134035850499
0 0.4231695706612416 0.6477430542021982 0.34661496825022287 0.6378056783098978 0.3332271499219513 0.740941467916677 0.40978175233297004 0.7508788438089775
0 0.37433282293473313 0.6380032144973001 0.33573415595095357 0.6169395760976827 0.2951687822324521 0.691274756066469 0.33376744921623164 0.7123383944660865
0 0.41155060204666016 0.6234786627748946 0.363971424927895 0.612200632610276 0.3565874900687349 0.6433515995228815 0.4041666671875001 0.6546296296875
0 0.5014720601172988 0.655483502945669 0.4134464806439035 0.6538946209241477 0.41144409724774367 0.7648285709515489 0.49946967672113896 0.7664174529730701
0 0.5171759263854164 0.6502546343342018 0.45217592938541695 0.6177546297404517 0.4258333322812501 0.6704398140703123 0.4908333292812495 0.7029398186640625
0 0.5203788968319778 0.6767469285799351 0.49667876330723715 0.6109132361946106 0.4692169785305529 0.6207994804937408 0.4929171120552935 0.6866331728790653
0 0.5776623854238878 0.6259095133140311 0.5598094439006053 0.6050717831392395 0.5154803912892174 0.6430511588877084 0.5333333328125 0.6638888890625
0 0.6014793441580348 0.6595457982161028 0.5794741575586768 0.6188754968845045 0.5149739805881419 0.6537741424184018 0.5369791671875002 0.69444444375
0 0.6244791671875001 0.6555555562500001 0.5333333328125001 0.6555555562500001 0.5333333328125002 0.7638888890625 0.6244791671875001 0.7638888890625
0 0.6795029945559581 0.6230621021486279 0.6571310922336824 0.6011412458021872 0.6125582169077615 0.6466312575633559 0.6349301192300372 0.6685521139097965
0 0.7084510329642415 0.6374640691209114 0.6562415463446745 0.6153178329720876 0.6221874241628865 0.6956000183711447 0.6743969107824536 0.7177462545199684
0 0.7851373352807266 0.7639616512796754 0.7803585281882475 0.6429981799136895 0.677422048107619 0.6470648090830509 0.6822008552000981 0.7680282804490368
0 0.7782430211872621 0.6204486687929653 0.7169660234047038 0.6016477731347466 0.7023821991325108 0.6491802409402225 0.763659196915069 0.6679811365984412
0 0.8440098532475966 0.7251157844496419 0.8358272429595038 0.6207875147832533 0.7627789578473383 0.6265167926788582 0.7709615681354312 0.7308450623452467
0 0.9326572159630375 0.7559361001596591 0.9281501243111634 0.6410052782483001 0.8206719846217633 0.6452201078135726 0.8251790762736373 0.7601509297249315