0 0.32742120819977555 0.7674214527654286 0.3263978540703093 0.6781978253681971 0.2271658367219056 0.6793359711451744 0.22818919085137188 0.7685595985424061
0 0.42749042044093033 0.6642130859176952 0.3548120113445225 0.6464977252846081 0.33130903385962035 0.7429202056399352 0.4039874429560282 0.7606355662730223
0 0.37405415388978164 0.6479777988869602 0.3376545497501383 0.627503021918319 0.29853177525248975 0.6970546222478363 0.3349313793921331 0.7175293992164775
0 0.4135924522464153 0.6498560046149414 0.3773980582924 0.6150021424298009 0.35472901836182336 0.6385430676061332 0.3909234123158387 0.6733969297912739
0 0.51114440616116 0.6760352582514206 0.42336754130307674 0.6628481221621966 0.40862585211043934 0.760972479967178 0.49640271696852256 0.774159616056402
0 0.5125188506610158 0.6471551820476987 0.4447058784972551 0.6280827894377625 0.42867175832105087 0.6850930118790133 0.49648473048481134 0.7041654044889496
0 0.5252841497502025 0.6710101973673732 0.4908967960589994 0.6159904293982067 0.46725967619460934 0.6307636287594554 0.5016470298858124 0.685783396728622
0 0.5799811039264603 0.6364400053845428 0.5608411779026488 0.6131132212719845 0.5183600739761884 0.6479695127624419 0.5375 0.6712962968750001
0 0.6013501648177185 0.6706827953898074 0.5789053517412183 0.6282161897954429 0.5153304160093712 0.6618173577927546 0.5377752290858716 0.7042839633871192
0 0.6245802361138397 0.7626045321538564 0.6217943029910084 0.6646615547171788 0.5323097083873364 0.6672068938789445 0.5350956415101679 0.7651498713156221
0 0.6832758626911133 0.6361621970484383 0.6593678157841006 0.6092656443981231 0.6146336202804874 0.6490293739121848 0.6385416671875 0.6759259265625002
0 0.709697586228387 0.6509052356129863 0.6573472936286789 0.6253844682896382 0.6213108354614653 0.699305409043832 0.6736611280611732 0.72482617636718
0 0.778335817116732 0.6583992120275538 0.6835852757763846 0.6564252443902663 0.6813565783323715 0.7634028286804854 0.776107119672719 0.7653767963177729
0 0.781738771876613 0.6362910447621086 0.7242168290980753 0.6093801925866545 0.7011347968572561 0.6587180332879539 0.7586567396357938 0.6856288854634079
0 0.8536524517900752 0.7187061329621114 0.8217748297692063 0.6259712127789074 0.7523716285215187 0.6498285581245583 0.7842492505423875 0.7425634783077624
0 0.9303291024069363 0.7552951927823525 0.9261279218324013 0.6524975395370672 0.8209061262823474 0.6567977910459979 0.8251073068568824 0.7595954442912831