0 0.3292667137756945 0.7654529936949492 0.3269994045344256 0.6538588482642981 0.22169102357123113 0.6559984467568488 0.22395833281250002 0.7675925921875
0 0.41822916718750003 0.6240740734375 0.3411458328125001 0.6240740734375 0.3411458328125001 0.74444444375 0.41822916718750014 0.74444444375
0 0.3703239544402165 0.6243260788220409 0.32409414852815865 0.6082282003591037 0.2924603408508109 0.6990740091748529 0.33869014676286874 0.7151718876377899
0 0.40685096209643135 0.6093215813552839 0.3641266028314721 0.606948004282905 0.3624839735475408 0.6365153119901212 0.4052083328125001 0.6388888890625001
0 0.5036458328125 0.6370370375000001 0.409375 0.6370370375000001 0.4093750000000001 0.7638888890625 0.5036458328125001 0.7638888890625
0 0.5152794533515901 0.6355973280288889 0.44553993289317473 0.6097678756843855 0.4234375 0.6694444437500001 0.49317702045841544 0.6952738960945035
0 0.5266512719620625 0.6631057491446859 0.4881282452989675 0.6011427870498728 0.4628615388585162 0.6168513647709429 0.5013845655216113 0.678814326865756
0 0.5747025932550259 0.61234810893113 0.5478987320587311 0.5986012757256359 0.5117027992052189 0.6691768581578289 0.5385066604015137 0.6829236913633229
0 0.6031604248161238 0.6426025808627575 0.5780083352283559 0.6068955960229553 0.5161638113057374 0.6504590336302837 0.5413159008935052 0.6861660184700858
0 0.6265625 0.6416666671875 0.5390625 0.6416666671875 0.5390625000000001 0.765740740625 0.6265625000000001 0.765740740625
0 0.6646193026414752 0.6092947697461314 0.6422184952509108 0.6006944601194097 0.6177033597969358 0.6645478388107784 0.6401041671875002 0.6731481484375001
0 0.7088550748640133 0.6248071618241472 0.6632440157874215 0.6060477743095962 0.6233693184976973 0.7029980170790949 0.6689803775742892 0.7217574045936461
0 0.7939709445163756 0.6372794315509412 0.6779052504400029 0.631547788396791 0.6716878724682056 0.7574496057681828 0.7877535665445783 0.7631812489223331
0 0.7833479229561334 0.6260013250321891 0.7298879200559105 0.5920584680481248 0.7057662956814256 0.630050028676727 0.7592262985816485 0.6639928856607913
0 0.8459019319265689 0.6229437688993346 0.7752142625582243 0.6077964087431498 0.7526371927006993 0.7131560511454678 0.8233248620690439 0.7283034113016527
0 0.943177446624533 0.7542084402185294 0.9354891050574088 0.629657308388006 0.8170126498950354 0.6369706699091991 0.8247009914621597 0.7615218017397225