0 0.33010806367047263 0.766305300726615 0.32777259290262867 0.6592385446703858 0.22328778736946808 0.6615176947819144 0.22562325813731202 0.7685844508381435
0 0.4254754814441652 0.6476251011196228 0.35222719140175196 0.6323650399311169 0.3304738048936603 0.7367812899491442 0.40372209493607353 0.75204135113765
0 0.37324379527898816 0.6334052773699367 0.33315258828976413 0.6137954479176255 0.29407320531844156 0.6936910755427704 0.3341644123076656 0.7133009049950816
0 0.4091914087885346 0.6171616348803244 0.3625094369432774 0.6099450986700055 0.35800552815474285 0.6390797606646811 0.4046875 0.646296296875
0 0.5044006371700757 0.7637494006534354 0.5017357506223887 0.6498253838177978 0.40877505676883785 0.6519999007405233 0.41143994331652484 0.765923917576161
0 0.5143164556209757 0.6726285920399323 0.4698230783417189 0.6185079948715311 0.4184243247033108 0.6607637026236343 0.46291770198256765 0.7148842997920355
0 0.5234643619601215 0.6726732378155563 0.49416880552446074 0.6067582976305949 0.4625107391558287 0.6208285625408518 0.49180629559148936 0.6867435027258133
0 0.5765625000000001 0.6222222218750002 0.5573850489864106 0.603533098279644 0.5140885978080714 0.6479608408272497 0.533266048821661 0.6666499644226059
0 0.6011875426467855 0.6562418079211867 0.5787782031645078 0.6133839453509926 0.5123807152648314 0.6481015854264236 0.5347900547471093 0.6909594479966177
0 0.6244791671875001 0.6518518515625 0.5333333328125 0.6518518515625 0.5333333328125001 0.7629629625 0.6244791671875001 0.7629629625
0 0.6805996402171789 0.6197593305128632 0.6559140281483887 0.5979390123908448 0.6112126828772211 0.6485102305622056 0.6358982949460112 0.670330548684224
0 0.7091068398492612 0.633120533405944 0.6591382362839274 0.6124098629139999 0.6202989955418119 0.7061172406725438 0.6702675991071457 0.7268279111644877
0 0.7869791671875002 0.6416666671875001 0.6765625 0.6416666671875 0.6765625000000001 0.7611111109375001 0.7869791671875002 0.7611111109375002
0 0.7787241070342621 0.6178120291051112 0.7176258407022014 0.5981733048495339 0.7029299132621958 0.6438939777935055 0.7640281795942565 0.6635327020490829
0 0.8511385079317696 0.6378111394356379 0.7832989329117839 0.6093942955151801 0.745505460104231 0.6996187110403674 0.8133450351242167 0.7280355549608253
0 0.9366895804115651 0.7545014754036385 0.9313352368551383 0.6360366370179213 0.8186701096743306 0.6411288467062545 0.8240244532307575 0.7595936850919717