0 0.329747911868762 0.7662602321583262 0.3273717708202396 0.6593338689358589 0.22268709932460515 0.6616601946201464 0.22506324037312758 0.7685865578426136
0 0.4229388462397445 0.6322102498572135 0.34712750129372 0.6236814736573955 0.3338384965120652 0.7418059620819946 0.40964984145808964 0.7503347382818125
0 0.37314587780992137 0.6322887946728638 0.332366588090863 0.6131735023183789 0.29450782842366713 0.6939388550131046 0.3352871181427255 0.7130541473675897
0 0.41014390364043685 0.6176067760677197 0.3631762106856734 0.6086605474004543 0.35750516695455664 0.6384335222038746 0.4044728599093201 0.64737975087114
0 0.503125 0.647222221875 0.409375 0.647222221875 0.4093750000000001 0.7638888890625 0.5031250000000002 0.7638888890625
0 0.5131281247986371 0.6739548526121865 0.47105822489441007 0.6169712813716532 0.4174178176783931 0.6565729860958849 0.4594877175826202 0.7135565573364181
0 0.5251340263755389 0.6698120677795794 0.4928997215279639 0.6061393660501893 0.4681492470990066 0.6186692935732249 0.5003835519465815 0.6823419953026149
0 0.5765625000000001 0.6222222218750001 0.5582769308771549 0.6028197782128688 0.5150477636896549 0.6435605188378688 0.5333333328125001 0.6629629625000001
0 0.5994791671874999 0.6537037031249999 0.5812100614510285 0.6136612897252578 0.5166702006782953 0.6431072057069805 0.5349393064147667 0.6831496191067227
0 0.6244791671875001 0.65 0.5328125000000001 0.65 0.5328125000000001 0.7638888890625 0.6244791671875001 0.7638888890625
0 0.6800149144397576 0.6196736813975459 0.6547629660543433 0.5983673494945929 0.6112527337218402 0.6499350311632276 0.6365046821072545 0.6712413630661805
0 0.7085849116231823 0.6317354849700996 0.6556854745335206 0.6109755314761625 0.6183506249153762 0.7061102594611651 0.6712500620050379 0.7268702129551021
0 0.7875000000000001 0.6407407406250001 0.6760416671875 0.640740740625 0.6760416671875001 0.7611111109375001 0.7875000000000002 0.7611111109375002
0 0.7811630446789899 0.62438301507274 0.7243524162907783 0.5964215394365578 0.7036295846774875 0.6385250786507313 0.7604402130656991 0.6664865542869134
0 0.8503458773548148 0.6365955368610868 0.782511021746062 0.6089925223306432 0.7467201130010643 0.6969492606841756 0.8145549686098171 0.7245522752146192
0 0.9403058370675007 0.7571098550168578 0.9375905432838998 0.6364489701821755 0.819629560201761 0.6391035066917431 0.822344853985362 0.7597643915264254