0 0.3281250000000001 0.6555555562500001 0.2239583328125001 0.6555555562500001 0.2239583328125001 0.7675925921875 0.3281250000000001 0.7675925921875
0 0.41770833281249997 0.622222221875 0.34062500000000007 0.622222221875 0.34062500000000007 0.7453703703125 0.4177083328125001 0.7453703703125
0 0.3706341781061159 0.6245478645995342 0.32398093383847193 0.607990128114267 0.29158944703590095 0.6992567059666889 0.3382426913035449 0.7158144424519559
0 0.4097832216010775 0.6099349351739409 0.3659769142639473 0.6026338832666124 0.3611158026789248 0.6318005500423723 0.40492211001605494 0.639101601949701
0 0.5167455532531323 0.7543054014877256 0.4861744755796173 0.6324896062955994 0.38891087934704904 0.6568990266876065 0.41948195702056407 0.7787148218797328
0 0.5233053933204083 0.6679934786991959 0.4928491019948062 0.6003128135427939 0.46642844737206557 0.6122021050020872 0.4968847386976676 0.6798827701584893
0 0.48956201184090736 0.6467768444342976 0.4823099743823106 0.6132013066011599 0.4245187953539033 0.6256837215418624 0.43177083281250006 0.659259259375
0 0.5749072069802207 0.6121273498107087 0.5484460152056245 0.5976563858787589 0.510517975412904 0.6670105173180504 0.5369791671875002 0.6814814812500002
0 0.6038317289049949 0.6445106574394168 0.5786078671928309 0.6050983721100976 0.5176699060278651 0.6440986658662902 0.5428937677400292 0.6835109511956092
0 0.6284643871423341 0.7653410060924679 0.625321444193999 0.6398198066212549 0.5372754831641727 0.6420244018092698 0.5404184261125079 0.7675456012804827
0 0.6648807335705856 0.608371397053413 0.6393047519389568 0.6009888564606864 0.6171323511808712 0.6778026453447735 0.6427083328125001 0.6851851859375001
0 0.7092839908028405 0.6251344163877287 0.6629129169269851 0.6057165293706717 0.6227198440062843 0.7016999879244403 0.6690909178821398 0.7211178749414974
0 0.7895833328125 0.6333333328125 0.6739583328125 0.6333333328124999 0.6739583328125001 0.7611111109375001 0.7895833328125001 0.7611111109375002
0 0.7834631885196682 0.6319557383860261 0.7353108074630055 0.5934338306515532 0.7069910224540823 0.6288335592577275 0.7551434035107449 0.6673554669922005
0 0.8499189019338796 0.71420954622011 0.8344155485915753 0.6095618948083598 0.7607033004773152 0.6204822261560221 0.7762066538196194 0.7251298775677724
0 0.9434856412870346 0.7549523378117576 0.9329609202606047 0.6277201811186526 0.814957110920111 0.6374815276653469 0.8254818319465411 0.764713684358452