0 0.3301358967753265 0.7652799978980485 0.3267534319713 0.6549270974607964 0.21987591980749682 0.6582030369404437 0.22325838461152334 0.7685559373776958
0 0.4246294377009395 0.6393957316035979 0.35158147310424437 0.6265973675543235 0.3320361475253645 0.7381543013483618 0.40508411212205964 0.7509526653976362
0 0.3714669151692881 0.6270353243308572 0.32764664357272866 0.6098746961978576 0.29347481008677645 0.6971336830310567 0.33729508168333594 0.7142943111640563
0 0.406849028554915 0.6112052026461402 0.3623427037239522 0.6086528667685918 0.36058932744033567 0.6392273437079268 0.4050956522712985 0.6417796795854753
0 0.5052083328125 0.64444444375 0.40989583281249997 0.64444444375 0.4098958328125001 0.7638888890625 0.5052083328125001 0.7638888890625
0 0.5082634839829469 0.6253311320850651 0.4401359404191586 0.6109604791504737 0.4289259872629755 0.6641039636860707 0.4970535308267636 0.6784746166206622
0 0.5197048932088784 0.6745525572523231 0.4958531785634099 0.6024673901597574 0.4656987041700134 0.6124449756676302 0.4895504188154819 0.684530142760196
0 0.6324182817337485 0.7574272475680691 0.615703411312652 0.6411031912509448 0.5247970058373909 0.6541657411316351 0.5415118762584873 0.7704897974487592
0 0.6041246309773214 0.6501599858358575 0.5756241162097971 0.612647627357116 0.5048967980833383 0.6663836508031726 0.5333973128508626 0.7038960092819141
0 0.5755679621119513 0.6206671519202105 0.5575035476576837 0.6043136088354684 0.5169058980457325 0.6491584944152581 0.5349703125 0.6655120375000002
0 0.684741062944019 0.6170109774435568 0.6565875109629367 0.594700696659769 0.6120662367186153 0.6508825090201206 0.6402197886996978 0.6731927898039084
0 0.7073882577983025 0.6284579893920114 0.6594035574674388 0.6131898132085911 0.6294430967691643 0.7073493062030766 0.677427797100028 0.7226174823864966
0 0.7890625000000001 0.6333333328125 0.675 0.6333333328124999 0.675 0.7611111109375001 0.7890625000000002 0.7611111109375002
0 0.7815990131138293 0.6193680825549344 0.7240657232773586 0.593797728320209 0.705766753263055 0.634970405705807 0.7633000430995257 0.6605407599405324
0 0.8576215301373697 0.6989062453046871 0.8263368031204423 0.6050520818515626 0.7569270826503904 0.6281886596796877 0.7882118096673179 0.7220428231328124
0 0.9356322237329792 0.7592121389835442 0.9289880947780622 0.6308974158268261 0.8178756169085852 0.6366508135141944 0.8245197458635023 0.7649655366709125