0 0.32745006760091133 0.7673613994687558 0.32636006932404976 0.6772322289145726 0.2271027124769776 0.6784326210546966 0.22819271075383915 0.7685617916088798
0 0.42139221518437286 0.6585673146462051 0.34475762672883714 0.6509602047068166 0.3352204644673558 0.7470382830789872 0.4118550529228915 0.7546453930183757
0 0.3747841999545133 0.6477934928041487 0.3381858035058295 0.6265533520605545 0.2977438916233068 0.6962378773227368 0.33434228807199057 0.717478018066331
0 0.414733436003955 0.648127190734488 0.3781404813053875 0.6133924702528345 0.35528944026415843 0.6374659937486827 0.3918823949627259 0.6722007142303361
0 0.5013853420895285 0.7637048423182502 0.49986197839360136 0.6660190476311265 0.40964979546145813 0.6674258638918665 0.41117315915738517 0.7651116585789902
0 0.5135804322447681 0.6476861473511163 0.4456071823136017 0.6266569215047793 0.4283959372508484 0.6822892244162465 0.49636918718201495 0.7033184502625835
0 0.521579671705275 0.6774460779283815 0.4951192063954745 0.6179099863292483 0.46920640035454875 0.6294267803764996 0.4956668656643492 0.6889628719756329
0 0.5800911812025953 0.6372233512740563 0.5607822380019334 0.6130871727257823 0.5164196595395226 0.6485772361611496 0.5357286027401844 0.6727134147094236
0 0.6017179074306409 0.6707342381840837 0.5799553622848771 0.6270731321231112 0.5166426282096189 0.6586308812944307 0.5384051733553827 0.7022919873554032
0 0.6247985979227488 0.7637397767416283 0.6234529708635341 0.6668545308360014 0.533861198682491 0.668098859751131 0.5352068257417057 0.7649841056567579
0 0.684899425156111 0.6356449554107203 0.6600718392131858 0.6077139213467218 0.6137140812445749 0.6489208174985016 0.6385416671875002 0.6768518515625002
0 0.7083922393075358 0.6508386947822544 0.6573938944756769 0.6272747277965129 0.6222810811410059 0.7032676776908069 0.6732794259728648 0.7268316446765484
0 0.7770833328125001 0.6555555562500002 0.6822916671875 0.6555555562500002 0.6822916671875001 0.7648148140625001 0.7770833328125002 0.7648148140625002
0 0.7812392610275735 0.6351804123666005 0.7235878423053392 0.6095575605620202 0.7021960907971423 0.6576890032603924 0.7598475095193764 0.6833118550649727
0 0.8485886527151478 0.6539080820295289 0.7857013557109627 0.6225767306423514 0.7479413438270666 0.6983674315565788 0.810828640831252 0.7296987829437562
0 0.9291680884714767 0.7551711620983745 0.9256911270503464 0.6515142043810076 0.8213623186476889 0.6550137016643218 0.8248392800688192 0.7586706593816887