0 0.32891820268907784 0.76544612548712 0.3266055561510207 0.6529214010886515 0.22200732247815186 0.6550711396841786 0.224319969016209 0.7675958640826472
0 0.4253701034856574 0.6383671697769991 0.3535963810640519 0.6233556678481115 0.32927953481863503 0.7396205546565923 0.4010532572402406 0.7546320565854799
0 0.368312353390721 0.623388952083847 0.3221424870946546 0.6080569410163045 0.2925710147359837 0.6971066370387644 0.33874088103205013 0.712438648106307
0 0.40927810635459344 0.6094032246429159 0.36607493376726763 0.6028198834233583 0.3618554492426973 0.6305102479457089 0.40505862183002306 0.6370935891652664
0 0.5052498909844731 0.7617678192555319 0.5020244755955443 0.6302313282803488 0.4076074454469264 0.6325465348041093 0.41083286083585524 0.7640830257792925
0 0.5105117720497004 0.6487152432315378 0.46066656506090525 0.610315971185497 0.4273917690578853 0.6535092143358308 0.47723697604668047 0.6919084863818716
0 0.515708234194882 0.675123063899562 0.4974614808003186 0.6030371297441925 0.46760370368887677 0.6105948801187396 0.4858504570834401 0.6826808142741092
0 0.5746730320559721 0.6114483319432289 0.5476838212804981 0.5977850438295534 0.5118789057281723 0.6685108021243347 0.5388681165036463 0.6821740902380101
0 0.6032268215610646 0.6407785206002542 0.5766178152585163 0.6065194244618587 0.518579907452308 0.6515974104181581 0.5451889137548561 0.6858565065565536
0 0.6282513506145591 0.7653515878688852 0.6250609501451059 0.6348995331366054 0.5377264112380944 0.6370354301487317 0.5409168117075476 0.7674874848810115
0 0.6668279504195931 0.607594033457777 0.639956376105059 0.5992408633313695 0.6158367584979658 0.6768320158110928 0.6427083328125 0.6851851859375002
0 0.7084846391429294 0.6244095256491422 0.6616603979959133 0.6052281280548677 0.6219914186766722 0.7020651726221819 0.6688156598236883 0.7212465702164564
0 0.7890625000000001 0.6305555562500003 0.6734375 0.6305555562500001 0.6734375000000001 0.7620370375000001 0.7890625000000002 0.7620370375000002
0 0.7836664405385554 0.6317016769595545 0.7354787759062689 0.5931515365799443 0.7082655821079343 0.6271680211741522 0.7564532467402209 0.6657181615537624
0 0.8524122144444719 0.6300695286394868 0.7792125617615411 0.6052518380359906 0.7429461801295693 0.7122193468965039 0.8161458328125002 0.7370370375000002
0 0.9477219929704621 0.7526366400329926 0.9177944798424733 0.6203677144784925 0.8060982064443557 0.645640405508951 0.8360257195723445 0.7779093310634511