0 0.32973546487917677 0.7663064866201192 0.3274135756081745 0.6585562958016989 0.22119707630741123 0.6608451358330403 0.22351896557841355 0.7685953266514607
0 0.4247716823178709 0.6439417432889594 0.35250608928935623 0.6299685121439592 0.33141275987021956 0.7390572364055024 0.40367835289873416 0.7530304675505026
0 0.37322865079509027 0.6301773939926365 0.33100836055529087 0.6115390061440615 0.2941776998970296 0.6949690321392683 0.336397990136829 0.7136074199878434
0 0.41178498882692754 0.6178961898537974 0.3661700573117453 0.606710921424085 0.359567734740422 0.6336360232957617 0.40518266625560423 0.6448212917254741
0 0.5046875 0.6481481484375 0.40989583281249997 0.6481481484375 0.4098958328125001 0.7648148140625 0.5046875000000001 0.7648148140625
0 0.5178443695914119 0.6491885032976645 0.4547568017072601 0.6132986835030299 0.4275365756986155 0.6611467325032381 0.4906241435827671 0.6970365522978728
0 0.5293482538824456 0.6621517347578345 0.48916872432013064 0.6026265050325619 0.46133131168816977 0.6214167583242574 0.5015108412504847 0.68094198804953
0 0.575793552379003 0.6192996718854453 0.5570789426682975 0.6008774776598844 0.5140978902892945 0.6445407682744391 0.5328125 0.6629629625
0 0.6012002364236516 0.6531334758439626 0.5817765841380927 0.6122498216788129 0.5160052532814927 0.6434975045732163 0.5354289055670515 0.684381158738366
0 0.6255208328125 0.6490740734375 0.534375 0.6490740734375 0.534375 0.7638888890625 0.6255208328125001 0.7638888890625
0 0.6805652455569416 0.614179160735471 0.6518624195922365 0.5945930107055901 0.6103596740352949 0.6554138499701192 0.6390625000000001 0.675
0 0.7080744186188814 0.6283698823803107 0.6534918503115912 0.6090990418828056 0.6184025807178765 0.7084855971656342 0.6729851490251667 0.7277564376631391
0 0.7885416671875001 0.6379629625000001 0.6755208328125 0.6379629625 0.6755208328125001 0.7611111109375001 0.7885416671875002 0.7611111109375002
0 0.7788626099767783 0.6167908031139869 0.7197031420883147 0.595992549662203 0.7048034142656648 0.6383739915325203 0.7639628821541284 0.659172244984304
0 0.8588684436593976 0.6986491503844644 0.8242056573836335 0.6062151143089424 0.7555603076467416 0.6319571373534719 0.7902230939225058 0.724391173428994
0 0.9393227407987993 0.7550925990482008 0.935381683381492 0.6331661150408223 0.8203378566426514 0.6368847027650207 0.8242789140599587 0.7588111867723992