0 0.32789702904078466 0.7665643618733686 0.3269234470871901 0.6745607752551016 0.2272104919224102 0.6756159377466553 0.22818407387600464 0.7676195243649223
0 0.4266871223117509 0.6583423968329208 0.35423039034307946 0.6418193245648052 0.33120429313217437 0.7427930252678273 0.4036610251008458 0.759316097535943
0 0.37442971070811026 0.6445323672346552 0.33803010647296466 0.624057589252539 0.2979305757308678 0.6953456418166386 0.33433017996601333 0.715820419798755
0 0.4114760394989335 0.6530125399355844 0.38214486135793246 0.6127192027723016 0.35599132259911587 0.6317574398198763 0.3853225007401169 0.672050776983159
0 0.5012855113566369 0.6662710004157011 0.4132060161577236 0.6635185190292344 0.41010377231680356 0.7627904243128303 0.49818326751571684 0.765542905699297
0 0.5121932048159284 0.647141902433978 0.44494429668266344 0.6265087130699951 0.43014692467923493 0.6747371809485172 0.49739583281250005 0.6953703703125
0 0.5219233375494842 0.6763673977877247 0.4943459969483981 0.6143184396061971 0.46818084073659677 0.625947408824705 0.49575818133768285 0.6879963670062326
0 0.5792568633768085 0.6331733093353947 0.5575089048341831 0.6105058597318315 0.5165933097699814 0.6497617390109556 0.5383412683126068 0.6724291886145188
0 0.602666633553896 0.6672838650473663 0.5763013941525184 0.6220319903065711 0.5106139277861222 0.660303681509205 0.5369791671874999 0.7055555562500001
0 0.6244791671875001 0.6648148140625 0.5348958328125001 0.6648148140625 0.5348958328125002 0.7638888890625 0.6244791671875002 0.7638888890625
0 0.6752561199506747 0.6231756981260996 0.6535872271702919 0.6072556954954869 0.6168727744071172 0.6572281458068873 0.6385416671875 0.6731481484375
0 0.7106838918415079 0.6413592728490829 0.656518433020023 0.6176045064922494 0.6203790807645927 0.7000092149630415 0.6745445395860775 0.7237639813198751
0 0.7776041671875001 0.6555555562500002 0.6822916671875 0.6555555562500002 0.6822916671875001 0.7648148140625001 0.7776041671875003 0.7648148140625002
0 0.78244275536274 0.6341221004319255 0.7239426154743063 0.60670017425574 0.7017922668340811 0.6539542761632887 0.7602924067225149 0.6813762023394743
0 0.8467435493984541 0.6473642028180862 0.7813352626092025 0.6210840877075838 0.7486611845030151 0.7024062380238069 0.8140694712922667 0.7286863531343092
0 0.9336650714540081 0.7550412099928354 0.9276376564349521 0.6473953263719989 0.8195371703536221 0.653448195942645 0.8255645853726781 0.7610940795634816