0 0.3287902313876223 0.765450433675211 0.32651092727878905 0.6539069714205168 0.2216790287036668 0.6560491299328056 0.22395833281250002 0.7675925921875
0 0.42761844887387984 0.6394803696517692 0.3562529209700546 0.6205557611495446 0.3253975458174782 0.7369127328763486 0.3967630737213034 0.7558373413785733
0 0.36906328590811316 0.6236614046262672 0.32249483964463954 0.6081273081005402 0.2922497964749648 0.6987965443352187 0.3388182427384384 0.7143306408609457
0 0.40520833281249996 0.6074074078125 0.3630208328125001 0.6074074078125 0.3630208328125001 0.6379629625 0.40520833281249996 0.6379629625
0 0.5036458328125 0.6388888890625 0.409375 0.6388888890625 0.4093750000000001 0.7638888890625 0.5036458328125001 0.7638888890625
0 0.49895833281249996 0.6148148140624999 0.43125 0.6148148140624999 0.43125 0.6731481484375 0.49895833281249996 0.6731481484375
0 0.517248764451686 0.6742919449703881 0.4969362804245419 0.6020697186030264 0.4713555819208664 0.6092642839867641 0.49166806594801055 0.681486510354126
0 0.5750599713861196 0.611747284364264 0.5481993435450655 0.5975402173192815 0.5118193474421349 0.6663221504998488 0.5386799752831889 0.6805292175448312
0 0.6037306475310025 0.6414104213728512 0.5783080245968939 0.6059848632188627 0.5175782000260842 0.6495667151746497 0.5430008229601926 0.6849922733286383
0 0.6270833328125 0.640740740625 0.5385416671875001 0.640740740625 0.5385416671875001 0.7666666671875 0.6270833328125001 0.7666666671875
0 0.6659965212778121 0.6085660945903202 0.6420329440338506 0.5991518320557723 0.6160677562660309 0.6652450369610673 0.6400313335099923 0.6746592994956151
0 0.7087935349723453 0.6252622680395479 0.6615029260521866 0.6056937403054072 0.6216805913375175 0.7019310496658588 0.6689712002576762 0.7214995773999997
0 0.7885416671875001 0.6314814812500001 0.6734375 0.63148148125 0.6734375000000001 0.7611111109375001 0.7885416671875002 0.7611111109375002
0 0.7836138356368777 0.6301319925972445 0.7349204786994965 0.5936831658559615 0.7091802054142076 0.6280705639371923 0.7578735623515889 0.6645193906784753
0 0.847834396804673 0.6231445484072758 0.77465753781192 0.6076342371386255 0.750514926286987 0.721537849301953 0.8236917852797399 0.7370481605706033
0 0.9418560822869331 0.7542699268656963 0.9354549607678709 0.6304082277402414 0.8177793366088029 0.6364896554567363 0.824180458127865 0.7603513545821912