0 0.3281250000000001 0.6555555562500001 0.2239583328125001 0.6555555562500001 0.2239583328125001 0.7675925921875 0.3281250000000001 0.7675925921875
0 0.41770833281249997 0.622222221875 0.3411458328125001 0.622222221875 0.3411458328125001 0.7453703703125 0.4177083328125001 0.7453703703125
0 0.3705872868795299 0.6243043278140268 0.32307792032606564 0.6080790308269075 0.2919187902885616 0.6993162224551431 0.3394281568420259 0.7155415194422625
0 0.40806116250035773 0.6090780573971755 0.36413521984393027 0.6047396933682372 0.36128239015607266 0.633624598471062 0.40520833281250007 0.6379629625000002
0 0.5049874840067977 0.7632181125633455 0.4996536786750176 0.6352068486062594 0.40596987447814775 0.6391103423995417 0.41130367980992777 0.7671216063566277
0 0.49492144849388103 0.6580862928559614 0.4926841999885679 0.6144599274963347 0.4298760248610585 0.6176808581140274 0.4321132733663717 0.6613072234736541
0 0.5198804229021755 0.6723628831101375 0.4952780986014368 0.6012895079474729 0.46894608607307414 0.6104044361499288 0.4935484103738128 0.6814778113125932
0 0.5745509160738622 0.6130050710813103 0.5498271573058863 0.5977941650550512 0.512255408419524 0.658863167411241 0.5369791671874999 0.6740740734374999
0 0.6034433474360792 0.6429488596597626 0.5796524816922025 0.6073713606273767 0.5178758014436233 0.6486817603426143 0.5416666671875 0.6842592593750002
0 0.6291150091598932 0.7640271390126528 0.623192440213187 0.6390980361818311 0.5347120274632087 0.643292666040451 0.540634596409915 0.7682217688712727
0 0.6647785688683445 0.6071538565049489 0.6374611597460527 0.6008861289257533 0.6191213467639393 0.6808187948127753 0.6464387558862311 0.6870865223919708
0 0.7082579998841967 0.6254703367732767 0.6632050687968395 0.6071675831230647 0.6245816166747702 0.7022406939820571 0.6696345477621273 0.720543447632269
0 0.7895833328125 0.634259259375 0.6739583328125 0.634259259375 0.6739583328125001 0.7629629625000001 0.7895833328125001 0.7629629625000002
0 0.7833941095604662 0.6308664148544373 0.7351683333720774 0.5941229617370192 0.7083868863572699 0.6292736065501233 0.7566126625456586 0.6660170596675414
0 0.8509016707192878 0.63188730755755 0.7820941322910457 0.6044718053068446 0.7453213985261942 0.6967641612337339 0.8141289369544362 0.7241796634844393
0 0.9398258398624199 0.7602832991021691 0.9370309942091343 0.631099196471019 0.8190573655679059 0.6336515080673746 0.8218522112211915 0.7628356106985248