0 0.3297349241127214 0.766288397307231 0.32741054296847455 0.6603837648748851 0.22225810301730814 0.6626916369960615 0.22458248416155496 0.7685962694284073
0 0.42647261739251263 0.6470421797100585 0.35455159536729497 0.6298270406901544 0.32904192470375054 0.736400771144935 0.4009629467289681 0.753615910164839
0 0.37226945713940485 0.6313212006816149 0.3310144487185195 0.6126953789131966 0.2942331588751548 0.6941635922938232 0.33548816729604014 0.7127894140622416
0 0.41156718388874125 0.6192075382979185 0.36445611426679136 0.6072428236456308 0.3571030582396902 0.6361954852421718 0.4042141278616401 0.6481601998944596
0 0.504947610310219 0.6463127493067999 0.411247912903265 0.6445558763898176 0.40899468569999353 0.7647277482963416 0.5026943831069475 0.766484621213324
0 0.5010416671875 0.61944444375 0.4270833328125 0.61944444375 0.4270833328125 0.684259259375 0.5010416671875 0.684259259375
0 0.5206574860565711 0.6743768673050321 0.49456031321830896 0.6061489676204596 0.4609196524210418 0.6190165209714846 0.487016825259304 0.6872444206560573
0 0.5767305521603123 0.6220271983792794 0.5538555606353966 0.602315769616913 0.5105410147499161 0.652582033010647 0.5334160062748317 0.6722934617730134
0 0.6270141583461808 0.763009482261167 0.6206716306036109 0.6470601270663842 0.5299921047840632 0.6520203737812313 0.5363346325266332 0.7679697289760142
0 0.6016547964161941 0.6522907013355536 0.575084558086186 0.6120794922579987 0.5090538070408922 0.6557104308104582 0.5356240453709002 0.695921639888013
0 0.6789099113540797 0.6174168887820797 0.6522174505076187 0.5983985103820558 0.611849206341039 0.6550556950374762 0.6385416671875 0.6740740734375
0 0.7087259225442446 0.6303657317558369 0.653596849319437 0.6106651951497619 0.6207772384412908 0.7025060808824419 0.6759063116660986 0.7222066174885168
0 0.7869791671875 0.6379629625000001 0.6791666671875001 0.6379629625 0.6791666671875001 0.7611111109375001 0.7869791671875002 0.7611111109375002
0 0.7798116946804681 0.6204316410973061 0.7203612655521091 0.5965453023350257 0.7033280918649879 0.6389389690746224 0.7627785209933469 0.6628253078369027
0 0.9357434064405433 0.7417259166111788 0.9230146970302335 0.6328954539453896 0.8156294974578351 0.6454551267322524 0.8283582068681449 0.7542855893980416
0 0.8620066815868906 0.6940083597350875 0.8182633030507741 0.6063507348842243 0.7468816214638834 0.641972004836637 0.7906249999999998 0.7296296296875