0 0.33305342768503643 0.6598576530180571 0.2312417263487438 0.651958471183365 0.22221192447767768 0.7683426120301123 0.32402362581397026 0.7762417938648045
0 0.42490715060659723 0.6394551456175936 0.3519924871260874 0.6264346695775587 0.33190989422953787 0.7388971861833687 0.4048245577100477 0.7519176622234036
0 0.370453704717176 0.6265238715435669 0.3248963057755491 0.6103550632265208 0.29355677983566386 0.6986576306074205 0.33911417877729066 0.7148264389244666
0 0.41653970461397466 0.6395028305143317 0.3826523681439621 0.6011656431497656 0.35830091064255665 0.6226905929599347 0.3921882471125692 0.6610277803245008
0 0.50536797161054 0.6424118471507022 0.41173769390713844 0.6406562812212757 0.4094478993231401 0.7627787826835568 0.5030781770265417 0.7645343486129832
0 0.6294954490355954 0.7623756934761236 0.6214268943462309 0.6404508314229334 0.5310445221054472 0.6464320160730428 0.5391130767948116 0.7683568781262331
0 0.6030631885607113 0.6451316343970496 0.5802969533382909 0.6056159532782883 0.5177619277545186 0.6416443617929096 0.540528162976939 0.6811600429116709
0 0.5740628559558674 0.6126128170212072 0.5486246417989443 0.599371656925519 0.5125134642644437 0.6687465350285662 0.5379516784213667 0.6819876951242543
0 0.841954152489329 0.6164224604232426 0.7700014902828242 0.6119666762548968 0.7609778756314289 0.7576813411405952 0.8329305378379338 0.762137125308941
0 0.7833576571149014 0.6256316977426526 0.7285258040044813 0.5931387473451307 0.7052432313909536 0.6324280881393423 0.7600750845013735 0.6649210385368641
0 0.9706074863709709 0.751689923722966 0.8904337059903256 0.6159459552441212 0.7921044628867389 0.6740216637262307 0.8722782432673842 0.8097656322050755
0 0.7887984501600307 0.7618173706064842 0.7865004902463179 0.62291873219124 0.6713359342033358 0.6248240318852235 0.6736338941170485 0.7637226703004678
0 0.7063462257939604 0.6242098583792186 0.657009879684227 0.6091040823558589 0.6245940802309184 0.7149759752515966 0.6739304263406518 0.7300817512749563
0 0.6742562500000002 0.6157657406250003 0.6471778985888258 0.6020859393104802 0.6156299814013257 0.66453316118548 0.6427083328125002 0.6782129625000002
0 0.5181080010897172 0.6368622778803048 0.44677590860774785 0.6101565895200693 0.4292698802489454 0.6569159771470678 0.5006019727309148 0.6836216655073033
0 0.5180661172318892 0.6711350014566129 0.49607604951325673 0.603592979761946 0.46729721242367006 0.6129626811801888 0.4892872801423026 0.6805047028748556