0 0.32733459382325636 0.7674819216941217 0.3263618866313712 0.6782968929000125 0.22720327599699103 0.6793783781560645 0.2281759831888762 0.7685634069501737
0 0.42654971735603153 0.6620976367000888 0.35268774120530794 0.646517375862354 0.3321913529861675 0.7436854370126207 0.4060533291368911 0.7592656978503556
0 0.37388220161447794 0.6483668796115201 0.33815487660915483 0.6279562502714802 0.29881684123532304 0.696814625555122 0.33454416624064615 0.7172252548951621
0 0.4150381811208437 0.6492805958415477 0.37857354720352066 0.6141665025706206 0.3549214113885107 0.6387283349722912 0.3913860453058337 0.6738424282432184
0 0.5018949892329202 0.7637540629590335 0.5005763831953727 0.6688143325741613 0.411074615675346 0.6700574114258144 0.41239322171289344 0.7649971418106867
0 0.5103322082439427 0.6442492263393491 0.44195297459953886 0.6282228496140834 0.42915172183801537 0.6828415490573143 0.4975309554824191 0.6988679257825801
0 0.5253369104549102 0.6688996393468691 0.4914327394529967 0.6172361268388469 0.4666166618105865 0.6335216734294777 0.5005208328124999 0.6851851859375001
0 0.579411583583125 0.6373333451818407 0.5597773640084943 0.6134538896200854 0.5173449476128694 0.6483427663132446 0.5369791671875 0.6722222218749999
0 0.6032831865622559 0.6712668734862335 0.5788362406028503 0.6286022515987912 0.5125322212280946 0.666594637487558 0.5369791671875002 0.7092592593750002
0 0.6249289231223862 0.7651945083558477 0.623103644515876 0.6697096868985982 0.5335353400970035 0.671421865937969 0.5353606187035138 0.7669066873952185
0 0.6984375 0.6537037031249999 0.6854488483625263 0.6098670067325195 0.6202041289592006 0.629198776716443 0.6331927805966744 0.6730354731089234
0 0.7095430993490883 0.649161303167437 0.6549925611403704 0.6239998671194903 0.6191598607949866 0.7016859374052881 0.6737103990037046 0.7268473734532348
0 0.778383385857637 0.6584271194945556 0.6832756593601234 0.6563695024148878 0.6809468970463229 0.7640101763805196 0.7760546235438366 0.7660677934601875
0 0.7808108507711651 0.6348229346605152 0.7224672175100835 0.6101272165693505 0.702271431619783 0.6578397601387783 0.7606150648808646 0.6825354782299431
0 0.847891594479955 0.7264050728263525 0.8287193573242749 0.6281473524606491 0.7554054240639554 0.6424525094503605 0.7745776612196354 0.7407102298160638
0 0.9305571669395464 0.7560294389022103 0.9239281414092705 0.6516222873596896 0.8187323556630901 0.6583013849031645 0.825361381193366 0.7627085364456853