0 0.3301890622814725 0.7652783893836673 0.32683097812440803 0.659498751658593 0.22118348339813626 0.662852640799298 0.22454156755520072 0.7686322785243724
0 0.42609276714439703 0.6465179465122071 0.3541071302643899 0.6298873353903485 0.32928596820215816 0.7373257900604341 0.4012716050821653 0.7539564011822927
0 0.37236181034412824 0.6310265610203951 0.3305947937684285 0.6124144737330289 0.29375014549425194 0.6950968194276975 0.3355171620699517 0.7137089067150637
0 0.4119892680320307 0.6401354306205476 0.38193008529239814 0.604509729536938 0.35835145808298396 0.6244041945574044 0.3884106408226165 0.6600298956410138
0 0.504067162407048 0.7627872478366355 0.5025415094796718 0.6460748799902962 0.40898904945858494 0.6472977888141693 0.4105147023859611 0.7640101566605086
0 0.514600117834787 0.6683321221465103 0.4652082408999424 0.6174036076442155 0.4167032285834503 0.6644451053684689 0.46609510551829497 0.7153736198707635
0 0.5246687008437946 0.6676705672683445 0.4920660796043121 0.6052518635173847 0.46149325403578745 0.6212207028609292 0.49409587527526994 0.683639406611889
0 0.577509785460796 0.6213601419672096 0.5591390629103533 0.6011737088777844 0.5144417774495574 0.641850604410575 0.5328125000000001 0.6620370375000001
0 0.6005433556200384 0.6531519017086382 0.579448761120634 0.6124694699683174 0.5138001128660296 0.6465095102295388 0.534894707365434 0.6871919419698596
0 0.6260760060972166 0.7627864554005577 0.6244083505045135 0.6492817255947663 0.5321999429950293 0.650636487345581 0.5338675985877324 0.7641412171513723
0 0.6787345371377516 0.6176630280324592 0.6519499539978983 0.5985790124982315 0.6117570840476468 0.6549900579032724 0.6385416671875 0.6740740734375
0 0.7093842203185932 0.6310421392993371 0.6567212959148104 0.6096279982713902 0.6207745755962173 0.6980303027220532 0.6734375 0.7194444437500002
0 0.7880556333338988 0.7607440847498781 0.785147202854416 0.6366509200791028 0.6735548555022834 0.6392663629616907 0.6764632859817662 0.7633595276324658
0 0.7813374546228871 0.6236834326056374 0.7232720368410624 0.5961561277361369 0.7036074489438355 0.6376361243130999 0.7616728667256601 0.6651634291826005
0 0.8594033709185485 0.702036167307074 0.8239352755674385 0.6072698402212883 0.7555709968594008 0.6328564681976111 0.7910390922105106 0.7276227952833969
0 0.9397885027614473 0.7545844775219523 0.931183781524678 0.6327738718676416 0.8170392170673317 0.6408370626922179 0.8256439383041011 0.7626476683465288