0 0.32972298506601944 0.766333243740521 0.3274482103974735 0.6594899036932027 0.2217243834935287 0.66174084308911 0.2239991581620746 0.7685841831364283
0 0.4240714772025466 0.6424575093335004 0.3500796859531174 0.6308282834800643 0.33311500555950446 0.7387672904369718 0.4071067968089336 0.7503965162904079
0 0.373140596061878 0.6304728850122931 0.3310813383490654 0.6116675438365153 0.2937941141668117 0.6950626259367458 0.3358533718796243 0.7138679671125235
0 0.41248029569085 0.6199015693423549 0.36699046339888436 0.6064231003466249 0.35854153516876874 0.634938232766826 0.40403136746073437 0.648416701762556
0 0.5069086614456787 0.6509542429278266 0.4134983532220362 0.6474513546617826 0.4091815862572619 0.7625650842711507 0.5025918944809045 0.7660679725371946
0 0.5174619290070599 0.651088546446366 0.4545764570769585 0.6138230874216277 0.4269622478671751 0.660422072744229 0.4898477197972765 0.6976875317689674
0 0.5254008963079535 0.669413293269951 0.4922078409752076 0.6038467633980317 0.4607826153570825 0.6197557836683447 0.4939756706898283 0.6853223135402641
0 0.5766738499036048 0.6221232441824652 0.5592025857072682 0.602468072049333 0.5153412358036634 0.6414559388043679 0.5328125000000001 0.6611111109375002
0 0.6010669909483587 0.6528098171368114 0.5782217615133247 0.6122294762448833 0.5121577829198803 0.6494210501741852 0.5350030123549143 0.6900013910661132
0 0.6280505628085458 0.7611445168541063 0.6198839126436874 0.647449416325357 0.5292497402006191 0.6539596140021411 0.5374163903654775 0.7676547145308904
0 0.678912293716675 0.6181432433558243 0.6521025060106818 0.599107195739204 0.6117318794815068 0.6559639523833799 0.6385416671875002 0.6750000000000002
0 0.7078709743527734 0.6300652244339888 0.6567903451170974 0.6113554587539041 0.6217046995937576 0.7071448385417944 0.6727853288294335 0.7258546042218793
0 0.7879190011843085 0.7599268910213824 0.7853537018626684 0.6367924004481639 0.6742907936318112 0.639106208722496 0.6768560929534513 0.7622406992957147
0 0.7803672276234159 0.6206110140059198 0.7214518553674407 0.5957560926946838 0.7036908461088386 0.6378562650915011 0.7626062183648138 0.6627111864027371
0 0.8579456049753947 0.703227789483725 0.8258438428336609 0.6080168899875467 0.7558850620646576 0.6316045270317948 0.7879868242063913 0.7268154265279732
0 0.9388936216047187 0.754605188408412 0.9303727122240091 0.6319040939013554 0.8166656668140385 0.639800416536284 0.825186576194748 0.7625015110433406