0 0.3286956679825729 0.7654523660050251 0.3263963642448916 0.6529301717606557 0.22165902907481877 0.6550703979431305 0.22395833281250002 0.7675925921875
0 0.4241044146660681 0.6164514127688598 0.34909170915891824 0.6081166755263342 0.3340891826392355 0.7431395407874312 0.4091018881463853 0.7514742780299567
0 0.36864844927025997 0.6237576829237369 0.32235864725367247 0.60813487460888 0.29258939490657887 0.6963400659904032 0.3388791969231664 0.71196287430526
0 0.40924001968882584 0.6094831838017912 0.3657145094067899 0.6026556523253361 0.3612325412856201 0.6312281972069634 0.404758051567656 0.6380557286834184
0 0.5031759984255977 0.7615581904000722 0.49947715875132087 0.6283999402798343 0.40670537867713286 0.6309769337479959 0.4104042183514095 0.7641351838682338
0 0.513195804177304 0.6393229171627468 0.44215650742963997 0.6163579832675989 0.428216164189836 0.6594807801673521 0.49925546093750006 0.6824457140625001
0 0.5281019510650877 0.6578429205688433 0.48031859176064423 0.5971580558648888 0.4542309704772344 0.6176994904921986 0.5020143297816778 0.6783843551961531
0 0.5784223953125001 0.6168240734375001 0.5535669585010857 0.5995421208599836 0.5130909178760856 0.6577560099224835 0.5379463546875001 0.6750379625
0 0.603270711450717 0.6329441202628117 0.577110888083631 0.6059727625544933 0.5129771563204139 0.6681767907291816 0.5391369796874999 0.6951481484375
0 0.639044522080671 0.7584299026801712 0.621056489931948 0.6410926809499355 0.5285886055726058 0.6552681936478951 0.5465766377213288 0.7726054153781308
0 0.7972647036599461 0.7573382480003372 0.7711173360651127 0.6236713313115988 0.6586261854821198 0.645676383409184 0.6847735530769532 0.7793433000979224
0 0.7096732701691886 0.6251738788158193 0.6597641861724841 0.609093262833747 0.6249419581907957 0.7171703105804277 0.6748510421875002 0.7332509265625001
0 0.6825890625000002 0.6051814812500002 0.6461472095867128 0.5914385720201091 0.6097355880765144 0.6879906872391266 0.6461774409898017 0.7017335964690176
0 0.9647800348545253 0.7442201901593786 0.8806851964886192 0.61667588266141 0.7873951297419461 0.6781855904492783 0.8714899681078523 0.8057298979472469
0 0.8402487056206744 0.6177832206399987 0.7747693343379459 0.6057588463954711 0.7538915426087407 0.7194499747984537 0.8193709138914693 0.7314743490429814
0 0.7724545501553215 0.6013365148969826 0.7063294377798413 0.5974141093524735 0.7027738454370198 0.657355372580491 0.7688989578125002 0.6612777781250002