0 0.32927323884513776 0.7654512066389214 0.32699328257500043 0.6538758292354219 0.22203793485632078 0.6560205103351798 0.2243178911264581 0.7675958877386794
0 0.4243788449166038 0.6367217370930525 0.35012898792173425 0.6250746989032608 0.332067696825963 0.7402154118597205 0.4063175538208325 0.7518624500495121
0 0.3706341781061159 0.6245478645995342 0.32373863716646484 0.6079041344280973 0.291814335100206 0.6978543678852159 0.3387098760398571 0.7144980980566528
0 0.4086525542524919 0.6091858682269713 0.36465463473873105 0.6047162387510853 0.36152908444394255 0.635483377514653 0.4055270039577035 0.639953006990539
0 0.5049046732908836 0.634095197046918 0.41165507491783304 0.6325524662522819 0.40948128230101694 0.7639462837408612 0.5027308806740676 0.7654890145354971
0 0.516036792521877 0.6354565503389938 0.44909099066995006 0.608558699806301 0.4300328067620157 0.6559924306915031 0.4969786086139426 0.6828902812241961
0 0.5266134988760092 0.6649054864390533 0.4902648997731968 0.6002857466232535 0.46454778935053165 0.6147516194277685 0.5008963884533439 0.6793713592435683
0 0.5746228258041357 0.6127381079474906 0.5495035166476611 0.5984007083944023 0.5123806908435253 0.6634403785719117 0.5375 0.6777777781250001
0 0.6035517140200184 0.6441915775041938 0.5813520528704383 0.6067296484516671 0.5184253388504199 0.6440195521974734 0.5406249999999999 0.68148148125
0 0.6283238538619843 0.761834702977066 0.6262662715542875 0.6379938463064747 0.5351148314516796 0.6395083028074912 0.5371724137593764 0.7633491594780825
0 0.6648807335705856 0.608371397053413 0.6393047519389568 0.6009888564606864 0.6171323511808712 0.6778026453447735 0.6427083328125001 0.6851851859375001
0 0.7096054577595887 0.62478388274403 0.6637315632798966 0.6060172889080219 0.6244312303207622 0.7020847661997673 0.6703051248004542 0.7208513600357753
0 0.7885416671875001 0.6314814812500001 0.6744791671875 0.63148148125 0.6744791671875001 0.7620370375000001 0.7885416671875002 0.7620370375000002
0 0.7831703073351866 0.6259325727923994 0.731382188998183 0.5934380592844839 0.7082097698673191 0.6303690933130897 0.7599978882043228 0.6628636068210053
0 0.86498720503889 0.7218843253499256 0.8244021069378096 0.6046384965375196 0.75638966602844 0.6281812665819635 0.7969747641295206 0.7454270953943695
0 0.9381498947706604 0.7546778593160208 0.9307195879861834 0.630127342562197 0.8168178160779036 0.6369223774655594 0.8242481228623806 0.7614728942193831