0 0.3292669378679448 0.7663523636096056 0.3269719386563856 0.6553317600489257 0.22141079944459538 0.6575139021332996 0.2237057986561546 0.7685345056939795
0 0.4234768574771608 0.6372754551747881 0.3494756120405434 0.6267224606485223 0.33320447548701077 0.7408212945514283 0.40720572092362817 0.7513742890776942
0 0.3708447879069336 0.6252520035057637 0.3242168300011893 0.6090154828340244 0.2932767132604618 0.6978691535281729 0.33990467116620604 0.7141056741999122
0 0.4088819566216153 0.6122872465007831 0.36500623545902977 0.607087157454603 0.361615363529855 0.6356976196873207 0.40549108469244055 0.6408977087335009
0 0.5041666671875 0.6425925921875 0.409375 0.6425925921875 0.4093750000000001 0.7638888890625 0.5041666671875001 0.7638888890625
0 0.5182977245880452 0.6494451719601146 0.45598958357398856 0.610214120498987 0.4272700767377435 0.6558274552213567 0.48957821775180016 0.6950585066824843
0 0.5241227692907007 0.6690545043497605 0.492446040823168 0.6014774779172123 0.4673237201935739 0.6132535647187269 0.4990004486611065 0.6808305911512753
0 0.5746997377477627 0.6134781966663272 0.5484016271972094 0.5988909639951878 0.5106810566369467 0.6668942485788607 0.5369791671875 0.68148148125
0 0.6032003330419602 0.6446026005659797 0.5801417142404883 0.6072633615278504 0.5173714982398023 0.6460267246849796 0.5404301170412741 0.6833659637231089
0 0.6276041671875 0.6416666671875 0.5369791671875 0.6416666671875 0.5369791671875002 0.7675925921875 0.6276041671875001 0.7675925921875
0 0.6640372318889314 0.6094929498946084 0.6418931768926134 0.6009294284486013 0.616918445003682 0.6655105519914929 0.6390625 0.6740740734375
0 0.7092109572386534 0.6248746497328364 0.6601370282862045 0.6066676998315887 0.6242848178236 0.7033016137256201 0.673358746776049 0.7215085636268677
0 0.7895833328125 0.6342592593750002 0.6739583328125 0.634259259375 0.6739583328125001 0.7620370375000001 0.7895833328125001 0.7620370375000002
0 0.7821931303205807 0.6215152643829438 0.7265748870548046 0.5926761763121385 0.7054487614264993 0.6334194200504146 0.7610670046922754 0.66225850812122
0 0.844724935826928 0.6206958339918084 0.7729695973962943 0.6097277955461283 0.7540075599761712 0.7337816470305001 0.8257628984068048 0.7447496854761801
0 0.9438406008335966 0.7545471228919749 0.9238317164893843 0.6243107192502217 0.8105031181126364 0.6417219710538999 0.8305120024568486 0.7719583746956531