0 0.3283975897828092 0.7654568253012435 0.32610352535550385 0.6538362368598574 0.2219878607732543 0.655976057530744 0.22428192520055967 0.76759664597213
0 0.42636679030444097 0.6403239783108937 0.35470519399738487 0.6233375285070581 0.32737217645076455 0.7386487142992364 0.39903377275782065 0.755635164103072
0 0.36834925501130583 0.6248404108279791 0.32273509162344405 0.6091249053217506 0.29257872958009157 0.6966535708733496 0.33819289296795335 0.7123690763795781
0 0.4096652552342416 0.6111311799975327 0.36586390350559517 0.6035954623860467 0.36102766838984374 0.6317060745757314 0.40482902011849015 0.6392417921872174
0 0.503125 0.6370370375000001 0.4088541671875 0.6370370375000001 0.4088541671875001 0.7638888890625 0.503125 0.7638888890625
0 0.5137813882653559 0.6322400756986968 0.4479383668098954 0.6097296415974747 0.43262234487901347 0.6545290069083649 0.4984653663344741 0.6770394410095868
0 0.5185406137527607 0.6733036561892309 0.49538711498021276 0.6027406335744017 0.46619504302378945 0.6123192850715264 0.4893485417963374 0.6828823076863557
0 0.574013793757321 0.6129504159741067 0.5500280703739426 0.5988357402596758 0.5135142766166217 0.6608853242855692 0.5375000000000001 0.6750000000000002
0 0.6036002430887711 0.6409068025332266 0.5744773543032633 0.6057037360075348 0.5148880745731736 0.6550009176925842 0.5440109633586814 0.690203984218276
0 0.630463956436834 0.6428027733658432 0.5424711059849432 0.6380624145269487 0.5358138546461086 0.7616375575461508 0.6238067050979994 0.7663779163850453
0 0.6703802031569343 0.6101777917132162 0.6425677204104512 0.6003999658240449 0.616344417254394 0.674990695384014 0.6441569000008771 0.6847685212731852
0 0.7078873363603674 0.6265882711602494 0.6606571838877527 0.6068869295655699 0.621964870035509 0.6996442615461105 0.6691950225081238 0.7193456031407901
0 0.7888285120997537 0.7609517193484057 0.7870703283688859 0.6313954281017347 0.6728347370661425 0.6329456975342869 0.6745929207970104 0.7625019887809579
0 0.781001173010835 0.6401553313929116 0.7384878776535941 0.5962706407384016 0.7079477153572785 0.6258564238576887 0.7504610107145194 0.6697411145121986
0 0.8500252474277966 0.7122599162901715 0.8328234470669902 0.6096941809857331 0.7606398887602661 0.6218004380670019 0.7778416891210724 0.7243661733714402
0 0.9469170795219771 0.7531358144285653 0.9179252114945496 0.6215852011862457 0.8060991010106526 0.6462300717593517 0.8350909690380803 0.7777806850016712