0 0.3292479090652252 0.7654533757588439 0.32698102964575726 0.653880385623504 0.22169145339303203 0.6560196020521601 0.22395833281250002 0.7675925921875
0 0.41822916718750003 0.622222221875 0.3411458328125001 0.622222221875 0.3411458328125001 0.7453703703125 0.41822916718750014 0.7453703703125
0 0.3706537968100326 0.624660283408776 0.32460146389950456 0.6080302746220043 0.2919628125445094 0.6984142339586055 0.3380151454550374 0.7150442427453771
0 0.4079938292580172 0.6089763840178428 0.3645301479704077 0.6047996948025135 0.36174465152489066 0.6337862732846707 0.4052083328125001 0.6379629625000001
0 0.5044994937612199 0.7641360717949612 0.5021897592827467 0.6407095108757573 0.4076218104236638 0.6424792016976648 0.409931544902137 0.7659057626168687
0 0.49490974627166845 0.6580573565552339 0.49285532353069544 0.6145292797866744 0.4281539100715269 0.6175830341689406 0.43020833281249987 0.6611111109375001
0 0.5266512719620625 0.6631057491446859 0.4881282452989675 0.6011427870498728 0.46290107984012147 0.616826781725892 0.5014241065032164 0.6787897438207051
0 0.5748616429988471 0.612037990433803 0.5480577818025523 0.5982911572283091 0.5120787812208073 0.6684437606067429 0.5388826424171022 0.6821905938122368
0 0.6033103947516646 0.6421050132900472 0.5785588131926224 0.6062538941276227 0.5193972539722431 0.6470989832744658 0.5441488355312853 0.6829501024368904
0 0.6265625 0.640740740625 0.5380208328125 0.640740740625 0.5380208328125 0.7666666671875 0.6265625000000001 0.7666666671875
0 0.6655894325104589 0.6094499088540639 0.6423722879069071 0.6005880069620213 0.6174689308381263 0.6658318845430791 0.640686075441678 0.6746937864351216
0 0.709293621030004 0.6252336375098622 0.6596214293467699 0.6041996972074023 0.618883798570546 0.7004026613472583 0.6685559902537801 0.721436601649718
0 0.7895833328125 0.6333333328125 0.6744791671875 0.6333333328124999 0.6744791671875001 0.7611111109375001 0.7895833328125001 0.7611111109375002
0 0.7837248563819116 0.6346072833611636 0.7377873583862221 0.5937739470242831 0.7072126434348991 0.6281704973136752 0.7531501414305886 0.6690038336505557
0 0.8595819093145988 0.7019406359333956 0.8227715909911183 0.603779805475934 0.7564093358971362 0.6286656558022727 0.7932196542206167 0.7268264862597343
0 0.9381524465635322 0.7547914344357408 0.9309154126419553 0.6302239896176918 0.8169319831485178 0.6368461206804793 0.8241690170700947 0.7614135654985283