0 0.3281250000000001 0.659259259375 0.22447916718750008 0.659259259375 0.22447916718750008 0.76851851875 0.3281250000000001 0.76851851875
0 0.42555113786115095 0.6418892318341254 0.3516945910905697 0.6285105568543521 0.33215230554850245 0.7363931183429785 0.4060088523190837 0.7497717933227518
0 0.3725178718167766 0.6292879350440436 0.3302092027733421 0.6109117809046554 0.2934305955841241 0.6955896687610589 0.3357392646275586 0.7139658229004471
0 0.41063420055121275 0.6161414892503136 0.3648702028692644 0.6067540017339454 0.3592901113667666 0.6339569454545213 0.4050541090487149 0.6433444329708895
0 0.5061565749455879 0.6473385082989299 0.412145776042402 0.6450393333448065 0.40928529083582416 0.7620015066839181 0.50329608973901 0.7643006816380415
0 0.5075009405998024 0.6209913797626155 0.4325823054040754 0.6131567595409043 0.4263170815779606 0.6730680258135855 0.5012357167736876 0.6809026460352968
0 0.5265925852797508 0.6656939420151932 0.4895909786128452 0.6033754511885825 0.4645608933330944 0.6182370654233895 0.5015625 0.6805555562500001
0 0.5755208328124999 0.61851851875 0.5574312712453297 0.5999767186015426 0.5147229384328298 0.6416433857890426 0.5328125 0.6601851859375001
0 0.6003089829145564 0.6484369295450005 0.5753304467558013 0.6102066983354625 0.5104704065745949 0.6525843876056329 0.53544894273335 0.6908146188151709
0 0.6270833328125 0.646296296875 0.534375 0.646296296875 0.534375 0.7638888890625 0.6270833328125001 0.7638888890625
0 0.6778950727721904 0.6165389281287769 0.6504436589700524 0.5980598515971598 0.6110902533853622 0.6565209234683832 0.6385416671875002 0.6750000000000002
0 0.70929182585257 0.6295539340153344 0.6603756116065789 0.6094207362475219 0.6235613736783162 0.6988657002601835 0.6724775879243075 0.718998898027996
0 0.7880208328125 0.6379629625000001 0.6760416671875 0.6379629625 0.6760416671875001 0.7611111109375001 0.7880208328125001 0.7611111109375002
0 0.777764899109518 0.6142433460759115 0.7171917492133061 0.5972071364875944 0.7045814491017813 0.6420437296823287 0.7651545989979931 0.6590799392706458
0 0.8496586368543373 0.6361381652342983 0.7851909773804726 0.6065551454507128 0.7465030360170826 0.6908643555247886 0.8109706954909471 0.7204473753083743
0 0.9390647091162763 0.7566615903475805 0.9331134579676175 0.6319642608024856 0.8185259808426425 0.6374330134802669 0.8244772319913013 0.7621303430253619