0 0.3287902313876223 0.765450433675211 0.32651092727878905 0.6539069714205168 0.2216790287036668 0.6560491299328056 0.22395833281250002 0.7675925921875
0 0.42631740074475566 0.6396377992871771 0.35621936147004774 0.6221132907006922 0.32734545305201146 0.7376089324936249 0.39744349232671944 0.7551334410801098
0 0.369394933944876 0.6240025806215073 0.32283333547512766 0.6077891672528263 0.2914307585461313 0.6979709287755237 0.33799235701587965 0.7141843421442047
0 0.4076718597922736 0.608856236534405 0.36438945726138644 0.6048064218322763 0.36165471642370195 0.6340339698709795 0.40493711895458906 0.6380837845731083
0 0.5036458328125 0.640740740625 0.4088541671875 0.640740740625 0.4088541671875001 0.7638888890625 0.5036458328125001 0.7638888890625
0 0.516531587361715 0.6395508770454972 0.4515672977480791 0.6094225168653552 0.4314539818466267 0.6527918629399462 0.4964182714602625 0.6829202231200883
0 0.5154879721055358 0.6742528927449352 0.4973367659667728 0.6025444292026341 0.46916766660821807 0.609674732990259 0.48731887274698105 0.68138319653256
0 0.5743619783868338 0.6108635782318965 0.5472227685210866 0.5978980992592098 0.5124481554539723 0.6706879687284901 0.5395873653197194 0.6836534477011769
0 0.6039657821274329 0.6411817804717831 0.5775877125269365 0.605985461575697 0.5162445864970089 0.6519593957449714 0.5426226560975053 0.6871557146410576
0 0.6310098049876092 0.7635048772813582 0.6213434851498558 0.6384468800126749 0.5323830615004758 0.6453230488837421 0.5420493813382291 0.7703810461524255
0 0.6670001494849853 0.6094870757248942 0.6446224831079332 0.5993359170597559 0.6161640008104479 0.6620710632098616 0.6385416671874999 0.672222221875
0 0.7089185648992495 0.6247632959161209 0.6584953144705594 0.6036485590368491 0.6179723542957133 0.7004198037220716 0.6683956047244035 0.7215345406013435
0 0.7889288809634537 0.760780514336018 0.785422382940632 0.6296155531615233 0.6711177508883309 0.6326713156357524 0.6746242489111525 0.7638362768102471
0 0.7832732580147695 0.6255181738860052 0.7303991247967533 0.592618716036971 0.7083865477356139 0.6279960750604328 0.7612606809536302 0.660895532909467
0 0.8547325854686229 0.7047189806367523 0.8293970622961361 0.606741769257684 0.7585031474237324 0.6250739344393296 0.7838386705962191 0.7230511458183979
0 0.9456368702650471 0.7551591580380147 0.9405620178358 0.6309838432574792 0.8183304279383684 0.6359792586668787 0.8234052803676157 0.7601545734474142