0 0.32926059706202115 0.7654390884811156 0.3269475107108414 0.6528929644223008 0.22200688266502921 0.6550497400238324 0.224319969016209 0.7675958640826472
0 0.42557598167568667 0.6386696651702332 0.35333333687546 0.6226157388358228 0.3275245052483238 0.7387554430495913 0.3997671500485505 0.7548093693840017
0 0.36897444352740494 0.6236708950332516 0.3222524310694203 0.6079663153181291 0.2920835296271975 0.6977205026059262 0.33880554208518215 0.7134250823210487
0 0.40976900411024797 0.6097438123725791 0.3655227707689381 0.6025929050801202 0.3609620994711902 0.6308120552075412 0.40520833281250007 0.6379629625000002
0 0.5067039118685238 0.6357722866951379 0.41133618172479747 0.633155487881371 0.40775765118783375 0.7635729784292836 0.5031253813315602 0.7661897772430505
0 0.5005208328124999 0.615740740625 0.425 0.615740740625 0.425 0.678703703125 0.5005208328124999 0.678703703125
0 0.5267393635304886 0.6629681616481965 0.4871989419117296 0.599703494175458 0.46202207838124104 0.6154390356522618 0.5015625 0.6787037031250003
0 0.5750529443572103 0.6129600555390515 0.5496527427475802 0.5979697732093706 0.513067135192041 0.6599620551079921 0.538467336801671 0.674952337437673
0 0.603063169711637 0.6419082616506036 0.5759124500165432 0.6030333677783768 0.5144988357747642 0.6459254160813666 0.5416495554698578 0.6848003099535933
0 0.6265625 0.6370370375000001 0.5380208328125 0.6370370375000001 0.5380208328125 0.765740740625 0.6265625000000001 0.765740740625
0 0.7901041671875001 0.63148148125 0.6723958328124999 0.63148148125 0.6723958328125 0.7611111109375001 0.7901041671875002 0.7611111109375002
0 0.7085487054366585 0.6248875511487494 0.6617019685048353 0.6063593007382689 0.6237664557066884 0.7022752641485741 0.6706131926385115 0.7208035145590544
0 0.6652400160979128 0.6077698111434107 0.6378862398413737 0.6011755972538619 0.6189824971652196 0.6795911227790891 0.6463362734217587 0.6861853366686377
0 0.7840183956150449 0.6257656511046925 0.7314441580310482 0.5923851776114979 0.708579487035846 0.6283970288342422 0.7611537246198425 0.6617775023274369
0 0.8432617953219406 0.6182284983928185 0.7711535811781031 0.6101163222330324 0.7589347686846597 0.7187279611454499 0.8310429828284972 0.726840137305236
0 0.9380528002446477 0.7594947238786008 0.9358313183536134 0.6320370729228595 0.8203660861922343 0.6340495368304174 0.8225875680832685 0.7615071877861588