0 0.32849699699728896 0.7665149163996993 0.3274230066742531 0.6680433307888798 0.22561005140712204 0.6691537640985326 0.22668404173015788 0.767625349709352
0 0.3738293606746751 0.6390262295636528 0.3363563472569439 0.6182531457895684 0.295831230016702 0.6913572779739887 0.3333042434344331 0.7121303617480732
0 0.4226029286336487 0.6481591482334453 0.3456600709911847 0.639503076856869 0.3341392955697751 0.7419099707717066 0.4110821532122391 0.7505660421482829
0 0.4114857319083326 0.650409339138341 0.38218981456642986 0.6087440322868729 0.3575315341052361 0.6260818848259124 0.3868274514471388 0.6677471916773806
0 0.5000000000000001 0.659259259375 0.4109375 0.659259259375 0.41093750000000007 0.7638888890625 0.5000000000000002 0.7638888890625
0 0.5183010993245777 0.6598110280982759 0.4581721674292032 0.6203514102002134 0.4258499224678916 0.6696043469875146 0.48597885436326604 0.7090639648855769
0 0.5216432262234388 0.6745514694324677 0.4951363076828155 0.610796257435001 0.46874296595185994 0.6217695745546283 0.4952498844924832 0.685524786552095
0 0.5781721399702555 0.6287116384123701 0.5595738741826318 0.6072231001172401 0.5163942185976383 0.6445949632080752 0.534992484385262 0.6660835015032052
0 0.6003836223229904 0.6613145268280703 0.5773038415694705 0.6194824262408122 0.5138993864339803 0.6544641962877418 0.5369791671874999 0.696296296875
0 0.6244791671875001 0.6583333328125 0.5348958328125 0.6583333328125 0.5348958328125001 0.7638888890625 0.6244791671875001 0.7638888890625
0 0.6781250000000001 0.6231481484375002 0.6560301614705772 0.6028108533042447 0.6138344690169654 0.6486530857786719 0.6359293075463882 0.6689903809119274
0 0.7088694104005135 0.6391633341884676 0.6574017184891824 0.6162213674492638 0.6222627717248976 0.6950515962047795 0.6737304636362288 0.7179935629439833
0 0.7818177560382126 0.7634877681719732 0.7792413538857447 0.6461003277127088 0.6797897712764552 0.6482830763142495 0.6823661734289231 0.765670516773514
0 0.7778922138794007 0.6217463631142294 0.7175672589037031 0.6032375714774488 0.7028582205359412 0.6511781445134416 0.7631831755116387 0.6696869361502221
0 0.8485982633604916 0.6374769324806987 0.7782844111282873 0.6165026298456745 0.7480903033840073 0.7177247809301793 0.8184041556162118 0.7386990835652036
0 0.9346417721705912 0.756803810752841 0.9284472329219271 0.6418176579829286 0.8188752444066584 0.647720525128768 0.8250697836553222 0.7627066778986804