0 0.32972274908157717 0.7663221598444497 0.3274486823663581 0.6595120714853453 0.22174456019979166 0.6617625913526471 0.22401862691501076 0.7685726797117517
0 0.42587132605566946 0.6458356253568018 0.35353786305911283 0.6299144008185114 0.32993189186549143 0.7371612799593125 0.40226535486204806 0.7530825044976031
0 0.3730338922888977 0.6309706229605437 0.3317831986891484 0.6118434004501839 0.2935286974381174 0.6943449089186932 0.3347793910378667 0.7134721314290531
0 0.4099850437981421 0.6166192139440848 0.36387792683643544 0.6081397481601873 0.35853891576677627 0.6371706345535373 0.40464603272848293 0.6456501003374346
0 0.5079580412315216 0.6508779423578861 0.41363160257402426 0.6472187251960995 0.40915752549734935 0.7625504309306192 0.5034839641548466 0.766209648092406
0 0.5177791322698411 0.6465363884863992 0.45207716529901765 0.6123499980347807 0.426425380502259 0.6616495203065013 0.4921273474730824 0.6958359107581198
0 0.5236415265968672 0.6719000689763479 0.4941741902467073 0.6055985124623057 0.46164626082291627 0.6200553591413441 0.4911135971730761 0.6863569156553864
0 0.5773934566294557 0.6219497993803904 0.5594021012248683 0.6014685692298793 0.5148211445954127 0.640629880786989 0.5328125000000001 0.6611111109375001
0 0.6001347879641765 0.6533249000114082 0.576480740034069 0.6123852014740121 0.5114257441216973 0.6499725322648964 0.5350797920518048 0.6909122308022924
0 0.6260416671875 0.6509259265625 0.5338541671875 0.6509259265625 0.5338541671875001 0.7638888890625 0.6260416671875001 0.7638888890625
0 0.6786884876937112 0.6184594297364557 0.6527227807799458 0.5997154352520636 0.612575960273735 0.655330078953108 0.6385416671875002 0.6740740734375001
0 0.7087096341307059 0.6310416281232338 0.659763722885703 0.6111767132740551 0.6219540524243341 0.7043373831614209 0.670899963669337 0.7242022980105995
0 0.7869791671875002 0.6398148140625001 0.6760416671875 0.6398148140625 0.6760416671875001 0.7629629625000001 0.7869791671875002 0.7629629625000002
0 0.7797759971797958 0.6201540508616918 0.7208416330311159 0.5960445333239219 0.7032393075179345 0.6390724313327587 0.7621736716666144 0.6631819488705288
0 0.8530618697249194 0.6442926393867132 0.7893770876168454 0.6075272478702923 0.7444368283201979 0.6853724850115605 0.8081216104282719 0.7221378765279812
0 0.9409962898417019 0.7561332214228521 0.9345444108001575 0.6334668734046536 0.8168316217379579 0.6396582102214917 0.8232835007795023 0.7623245582396903