0 0.3286753248510933 0.7665165034351167 0.3275597717929956 0.657959137284114 0.22284277975440236 0.6590352260364971 0.22395833281250002 0.7675925921874999
0 0.4249071507515674 0.6403810723699583 0.35107113896856673 0.6271960694888776 0.33129291929633703 0.7379540931265514 0.4051289310793377 0.7511390960076321
0 0.3723368957683065 0.6283940012396331 0.3304642868878834 0.6104190813323447 0.29384463869232197 0.6957246189447649 0.33571724757274507 0.7136995388520534
0 0.41412715480504136 0.6343167296637592 0.3780244251390187 0.6022254154990947 0.3577945399690912 0.6249840370911254 0.3938972696351139 0.6570753512557899
0 0.5060567634141581 0.7616335927649305 0.5030140744376972 0.6452507220862336 0.4090261026641107 0.647707923596797 0.4120687916405716 0.7640907942754939
0 0.5095484990976454 0.6279325466324445 0.4402445120333499 0.6123391653312933 0.4286126801232045 0.6640362483863489 0.4979166671875001 0.6796296296875002
0 0.5287175656881133 0.6614122018388331 0.48720658706910475 0.6036577953912186 0.4605723541934915 0.6228011498023857 0.5020833328125002 0.6805555562500002
0 0.575 0.6185185187500001 0.5554111806609584 0.6001540001031466 0.5137445134734584 0.6445984438531466 0.5333333328124998 0.6629629625000001
0 0.5994521309543012 0.6464512720677781 0.5745335450160687 0.6086061701471512 0.5132955769774267 0.64892746647908 0.538214162915659 0.6867725683997067
0 0.627926909204405 0.76357407788117 0.625638560846213 0.6438647346839039 0.5333254946212435 0.645629379346497 0.5356138429794355 0.7653387225437631
0 0.6725087275029529 0.6154439592128733 0.6460542270879391 0.6010283237377119 0.6120871667724862 0.6633621426498385 0.6385416671874999 0.6777777781250001
0 0.708685433360629 0.6276020976060772 0.6579757249234497 0.6089138222185521 0.623587465714907 0.702224658128611 0.6742971741520862 0.7209129335161361
0 0.7875000000000001 0.6342592593750002 0.6708333328125 0.634259259375 0.6708333328125 0.7611111109375001 0.7875000000000002 0.7611111109375002
0 0.7815529775060364 0.6211456405449427 0.7243822636690962 0.5943991102368237 0.7052282945705807 0.6353407229827737 0.7623990084075208 0.6620872532908926
0 0.8633421104873552 0.6952987743259038 0.8188646207050443 0.6035639544644786 0.7461475102176891 0.6388207363885747 0.790625 0.73055555625
0 0.9375 0.6351851859375002 0.8223958328125001 0.6351851859375002 0.8223958328125001 0.7564814812500001 0.9375 0.7564814812500001