0 0.32950666196087885 0.6551438794397765 0.22738678424514824 0.6515537257007689 0.22328136897112252 0.7683299242241478 0.3254012466868531 0.7719200779631554
0 0.423811531952815 0.6368083249852113 0.3509259771938291 0.624166924904298 0.3307382694243309 0.7405616494343574 0.40362382418331677 0.7532030495152707
0 0.3683404131879122 0.6239401474083504 0.32265059552054937 0.6081985769693983 0.2922731782263991 0.6963688559614303 0.33796299589376194 0.7121104264003824
0 0.4076988984615282 0.609042278238437 0.36467861590217454 0.6047933621063448 0.3618106918793657 0.6338310973744304 0.40483097443871935 0.6380800135065228
0 0.503125 0.6370370375000001 0.4088541671875 0.6370370375000001 0.4088541671875001 0.7648148140625 0.503125 0.7648148140625
0 0.5193728352736265 0.643337170808125 0.4548822266624525 0.6070612145171734 0.4261065788089732 0.6582179373990615 0.4905971874201473 0.6944938936900132
0 0.521558808184291 0.6705233978807306 0.4936126504578497 0.6022105457587148 0.46578816359309433 0.6135932866987486 0.49373432131953565 0.6819061388207645
0 0.5742513773745311 0.6125795505973413 0.5501576299350761 0.5981928035080395 0.512885419748045 0.6606132529106983 0.5369791671875 0.675
0 0.6024673875976942 0.6416234750505893 0.5758786369959588 0.6025073321503623 0.5155538871776661 0.6435123906532385 0.5421426377794016 0.6826285335534654
0 0.6302181337165351 0.760768406261177 0.6272180891588063 0.6375791629895702 0.5364643166269937 0.6397893020743369 0.5394643611847225 0.7629785453459439
0 0.6692796381731764 0.6091868766708497 0.6449859851859945 0.5979076804086857 0.6152896798253181 0.661868952175336 0.6395833328125 0.6731481484375001
0 0.7090818987323276 0.6253227457026979 0.6574168721599465 0.6042781553190736 0.6182088079485013 0.700534991038348 0.6698738345208823 0.7215795814219723
0 0.7880208328125 0.6305555562500003 0.6734375 0.6305555562500001 0.6734375000000001 0.7611111109375001 0.7880208328125001 0.7611111109375002
0 0.7829602962811455 0.6329667840392658 0.7356567103614304 0.5933925423877595 0.7093606285660642 0.6248245777887871 0.7566642144857793 0.6643988194402933
0 0.8419932081383266 0.6175229158774406 0.7698173794840918 0.6112769321017775 0.760442381609103 0.7196102650981725 0.8326182102633377 0.7258562488738357
0 0.937258823074038 0.7555700904034659 0.9296947012402738 0.6300529251760869 0.8170643805438889 0.6368404387912968 0.8246285023776532 0.7623576040186758