0 0.3295924871257585 0.7662800923247034 0.3272430290675497 0.6592328928214388 0.22217183837396134 0.6615389816944421 0.22452129643217017 0.7685861811977067
0 0.4265211727869557 0.6476710228422483 0.3554644076694199 0.6297536911006667 0.32884968107387624 0.7353026871031293 0.399906446191412 0.7532200188447109
0 0.3723627181374895 0.6310245238592868 0.33084965616766704 0.612525603029071 0.294433730340401 0.6942458611690225 0.33594679231022345 0.7127447819992383
0 0.41043782818513586 0.617185247701665 0.3634287432705334 0.6078995065958622 0.3576784150853976 0.6370105557691973 0.4046875 0.6462962968750001
0 0.507870905205017 0.7627271208973437 0.5062817012114794 0.6465166596585299 0.40910831767781913 0.6478455273657142 0.41069752167135676 0.7640559886045281
0 0.5158057539429469 0.6374809935831756 0.4477692313144142 0.6119672736783741 0.4282938519399552 0.6639015699885048 0.4963303745684879 0.6894152898933064
0 0.5276142112656209 0.6669693591043279 0.49052453667119755 0.6043805234467323 0.4615318313929195 0.62156138314935 0.49862150598734284 0.6841502188069457
0 0.5770833328125 0.6222222218750001 0.5568588508265677 0.6019669107501735 0.514580184457477 0.6441812278298495 0.5348046664434093 0.664436538954676
0 0.6009887789245416 0.6527196599214278 0.5724817131483542 0.6089872293450822 0.5070100208903565 0.6516650730660887 0.535517086666544 0.6953975036424342
0 0.6250250011063312 0.7627696907535133 0.6233455560281829 0.6494072259151986 0.5322060074569511 0.6507574423778605 0.5338854525350994 0.7641199072161753
0 0.6790586472009472 0.6179466546561899 0.6521570339871432 0.5985270528184492 0.6116400539736963 0.6546544715997593 0.6385416671875002 0.6740740734375001
0 0.7085575446804852 0.6300520458919099 0.6541904840314453 0.6103674203026829 0.6206545662904912 0.7029904303507621 0.675021626939531 0.7226750559399893
0 0.7878594236867149 0.7607988387059658 0.7854378241160926 0.6368432972663303 0.6746692221160521 0.6390072763504953 0.6770908216866742 0.7629628177901309
0 0.7819725417287701 0.6363343245196352 0.733553755187309 0.5958271088463024 0.7011192427168232 0.6345964912829894 0.7495380292582843 0.6751037069563223
0 0.8584362674934095 0.699623370556585 0.8226831835803814 0.6074474642912241 0.7548719160869719 0.6337500202971394 0.790625 0.7259259265625003
0 0.9444132582585352 0.757820363847115 0.9415093202052128 0.6361272926473397 0.8200443660095418 0.6390257871890281 0.8229483040628642 0.7607188583888034