0 0.3281250000000001 0.6555555562500001 0.22291666718750008 0.6555555562500001 0.22291666718750008 0.7675925921875 0.3281250000000001 0.7675925921875
0 0.4256615673402056 0.638299405492744 0.35286951270601036 0.6239207262368028 0.3299855434181379 0.7397708062753966 0.4027775980523331 0.7541494855313379
0 0.3710556855292911 0.625002382684771 0.32460040392079287 0.6082038211066916 0.29221958351741933 0.6977507816343026 0.33867486512591755 0.7145493432123821
0 0.40828940468719077 0.6093667596948701 0.3647891378055113 0.6046798629854008 0.3617080659308206 0.6332760657905306 0.40520833281250007 0.6379629625
0 0.506253578044072 0.6443204606806037 0.41127384946944867 0.6415806594348019 0.4077553077648144 0.763556710287669 0.5027350363394377 0.7662965115334707
0 0.5060941278946598 0.6196268728324182 0.43688975541703234 0.6098950202696407 0.4287122947098726 0.6680459255622224 0.49791666718750005 0.6777777781250001
0 0.5182302342953692 0.6738130559664738 0.4963932921376054 0.601716471960447 0.46736556311700905 0.6105085229061757 0.4892025052747728 0.6826051069122026
0 0.574857597042132 0.6131710884478169 0.548357245103389 0.5986730369735965 0.510478815248757 0.6679093563382796 0.5369791671875 0.6824074078125
0 0.6294250944261774 0.7640865127889966 0.623549826644334 0.6401551682185396 0.5343307606512315 0.6443848157364638 0.540206028433075 0.7683161603069208
0 0.6026544091784585 0.6434339100519564 0.5786379357386198 0.6080524981242117 0.5171293593726612 0.6498037740097555 0.5411458328125 0.6851851859375002
0 0.6751792074620274 0.6145326334178567 0.6486485621749913 0.5976835344520167 0.6120110219004639 0.65537312290916 0.6385416671875 0.672222221875
0 0.7087969504774556 0.6263343369381638 0.6580131228518296 0.6038386885758202 0.6174853315160757 0.6953299999659608 0.6682691591417017 0.7178256483283043
0 0.7903880185396837 0.7614317575890561 0.7850442272680456 0.6301749028904757 0.6712664708681523 0.6348070768287629 0.6766102621397903 0.7660639315273433
0 0.7818984916513865 0.6198430371880121 0.7258435295419912 0.5926648767522499 0.7062813670882825 0.6330118412832848 0.7623363291976778 0.660190001719047
0 0.8444944054052994 0.6197064632792728 0.772480998450964 0.6095795751730725 0.7579380611394912 0.7129959901605402 0.8299514680938268 0.7231228782667405
0 0.9338541671874999 0.6342592593750002 0.8213541671875 0.6342592593750002 0.8213541671875 0.7564814812500001 0.9338541671874999 0.7564814812500001