0 0.3281250000000001 0.6555555562500001 0.22291666718750008 0.6555555562500001 0.22291666718750008 0.76851851875 0.3281250000000001 0.76851851875
0 0.4256795151810354 0.6381345605022636 0.35179162173291045 0.6249103068077859 0.33126372658172304 0.7396058476441361 0.40515162002984795 0.7528301013386137
0 0.37086315321662744 0.6253702052825912 0.32418788136749843 0.6088046519102055 0.2922635801916694 0.6987548879499628 0.33893885204079843 0.7153204413223484
0 0.40939557481473343 0.6123481198099661 0.36449261572505537 0.6070262839628 0.36109452915485507 0.6356976196873209 0.40599748824453313 0.6410194555344869
0 0.5044230646415382 0.7632668576136241 0.5021561831328706 0.6408551337338424 0.4081576403458044 0.6425958457484445 0.410424521854472 0.7650075696282262
0 0.5116149885059156 0.6553610027147286 0.4642585873881676 0.6110509204097163 0.42596606903400547 0.6519760499661401 0.47332247015175344 0.6962861322711523
0 0.5252765221911537 0.6676244061032939 0.4916559784710315 0.6012134547148907 0.4664494649893456 0.6139742520054843 0.5000700087094678 0.6803852033938875
0 0.5744907006541635 0.6128235775374758 0.5483711399756983 0.5990084741847062 0.5119089048528669 0.6679458927797205 0.5380284655313321 0.68176099613249
0 0.6038661231228456 0.6454756984066142 0.5800775823873023 0.6070051674976817 0.5172798350669722 0.6458366245879493 0.5410683758025155 0.6843071554968818
0 0.6308785168728199 0.7626252219707335 0.6200411956801517 0.6393205401714488 0.5324689730396842 0.6470173144582148 0.5433062942323523 0.7703219962574994
0 0.6648257583612995 0.6084795767571715 0.6393628117184535 0.6012251171799845 0.617245386169654 0.6788566513603131 0.6427083328125 0.6861111109375001
0 0.7091348423050883 0.6248844978938898 0.6561358074841493 0.6056309420024089 0.6197511491432147 0.7057865592415288 0.6727501839641536 0.7250401151330097
0 0.7885416671875001 0.6333333328125 0.6744791671875 0.6333333328124999 0.6744791671875001 0.7611111109375001 0.7885416671875002 0.7611111109375002
0 0.783242915274382 0.6249464192360011 0.7298561758503213 0.5933098325151744 0.7060321483333741 0.6335128784474847 0.7594188877574348 0.6651494651683112
0 0.8455466416132065 0.6243065044240914 0.7768583924689489 0.6073061602803833 0.7510688892608691 0.7115061580385952 0.8197571384051265 0.7285065021823034
0 0.9459621641036213 0.7543666787437584 0.9265129315926925 0.6244518658917722 0.8113111401421678 0.6416984475433155 0.8307603726530965 0.7716132603953019