0 0.32877802800350137 0.7654490064050965 0.32647736638265445 0.653507423219014 0.2220193073953621 0.6556542808965646 0.224319969016209 0.7675958640826472
0 0.4263497500896932 0.639624786936617 0.3553459583411998 0.6218138696409591 0.32627427052292807 0.7377090834225094 0.3972780622714215 0.7555200007181673
0 0.3685604412360955 0.623354799800689 0.3216099198899923 0.6081304030041296 0.29211301394508565 0.6990959191238428 0.3390635352911888 0.7143203159204023
0 0.40951133816452695 0.6094387647316661 0.3660221469075406 0.6028118397106242 0.36164113225324296 0.6315622456070918 0.4051303235102293 0.6381891706281337
0 0.5052326478904037 0.7640975040973179 0.5029336454432849 0.6438308183157258 0.40762057462881585 0.6456528106789543 0.4099195770759346 0.7659194964605465
0 0.5163423266966581 0.642054783541248 0.4543399245567616 0.608507592769586 0.4291502212639906 0.6550635659350756 0.4911526234038871 0.6886107567067378
0 0.5170074486574037 0.6743598105515304 0.496630842939404 0.601909669622909 0.46791289516986884 0.6099865938528626 0.4882895008878685 0.6824367347814839
0 0.5750605550792733 0.6121354849709796 0.549884137217208 0.5968843860976631 0.5118027493254347 0.6597489011266836 0.5369791671875002 0.675
0 0.6045503255757045 0.6409308364999559 0.5771284130471066 0.6054178662008292 0.5157949877468458 0.6527774593155848 0.5432169002754439 0.6882904296147115
0 0.6298535987349967 0.7641155812713778 0.6239345335747766 0.6392603863859344 0.5362744637916843 0.6434161258845723 0.5421935289519044 0.7682713207700158
0 0.6665259811816575 0.6090666912026546 0.6430166426264435 0.5989912605731955 0.6155531614447861 0.6630727178080411 0.6390625000000001 0.6731481484375001
0 0.7084846391429294 0.6244095256491422 0.6587420628839006 0.6040326415990147 0.6194233115792651 0.7000147348557307 0.669165887838294 0.7203916189058581
0 0.7890625000000001 0.6324074078125002 0.6734375 0.6324074078125 0.6734375000000001 0.7611111109375001 0.7890625000000002 0.7611111109375002
0 0.7834339084789685 0.634348657299792 0.7369432462085067 0.5930236267533073 0.7068283051791766 0.6269029375287606 0.7533189674496386 0.6682279680752453
0 0.8471531910323961 0.6215194431920332 0.7739033784717184 0.6083573670281011 0.7526319501568212 0.7267374856019349 0.8258817627174988 0.739899561765867
0 0.9616412902095277 0.7361261815170614 0.8877503070873637 0.6169841290136102 0.7915231318492217 0.6766634817862937 0.8654141149713859 0.7958055342897449