0 0.32873371072574575 0.7654622314774417 0.3264528849067682 0.6538443005209251 0.22201815261370456 0.6559783432483864 0.2242989784326821 0.7675962742049032
0 0.36833489544436293 0.6248398917666274 0.3223702530215818 0.6090745797769056 0.29211106366905293 0.6972969263755007 0.33807570609183407 0.7130622383652224
0 0.4301827870229425 0.6304821630582851 0.3597376158986365 0.6115308806605811 0.3259127107545162 0.7372638617399869 0.39635788187882215 0.7562151441376909
0 0.4086780874543042 0.6104934291504636 0.36603034558129055 0.6036008639457796 0.36161550966841555 0.6309176577420944 0.4042632515414291 0.6378102229467784
0 0.5034785058090872 0.7622900663920793 0.5009923844343286 0.6378286992369815 0.4068885655878002 0.6397084272267055 0.40937468696255863 0.7641697943818032
0 0.5145770497253837 0.63976314321063 0.4509164761802391 0.6099804168052693 0.4248603406348428 0.6656754029060512 0.4885209141799873 0.6954581293114119
0 0.5185406137527607 0.6733036561892309 0.49538711498021276 0.6027406335744017 0.4668611701227438 0.6121007120513173 0.4900146688952919 0.6826637346661466
0 0.5741238165018653 0.6127931791146211 0.5506798154001042 0.5987944055548041 0.5135351660857389 0.6610012264401831 0.5369791671875 0.675
0 0.6021272525377673 0.642208708111386 0.5779568118956571 0.606650271226558 0.519353998890927 0.646484862881398 0.5435244395330374 0.6820432997662259
0 0.6690520051149993 0.6095254378961592 0.6422565124537452 0.6000800266501685 0.6159128401512459 0.6748138481290095 0.6427083328125001 0.6842592593750002
0 0.707963348925553 0.6265513797116957 0.6619268419579365 0.6069858638404462 0.6224812453007352 0.6997990305006436 0.6685177522683518 0.7193645463718933
0 0.788233810519378 0.7609443809415728 0.7864626968951155 0.6314315656620554 0.6733473761951234 0.6329784402718939 0.6751184898193858 0.7624912555514112
0 0.782086505967175 0.6251870662004791 0.7296705789022886 0.5941257756996877 0.7081477360015233 0.6304455726407318 0.7605636630664097 0.6615068631415232
0 0.8443714091869741 0.6229435673243057 0.7726135063582781 0.6102448378452893 0.750768325353576 0.7336874529825733 0.8225262281822718 0.7463861824615896
0 0.9362750791358595 0.7545383322689873 0.9274466625369634 0.6295610410908241 0.8159535881326538 0.637436930378021 0.8247820047315502 0.762414221556184
0 0.6276041671875 0.6416666671875 0.5380208328125 0.6416666671875 0.5380208328125 0.7611111109375 0.6276041671875001 0.7611111109375