0 0.32865911090969824 0.7655022146394559 0.3265685833096025 0.6649608871627668 0.22414448188166122 0.667090562753133 0.22623500948175698 0.7676318902298221
0 0.3745959446538921 0.637348647862483 0.3354358288945998 0.6163223356479017 0.29479649818208553 0.6920104010985139 0.3339566139413778 0.713036713313095
0 0.4231523095845421 0.6469501034278127 0.3465977069740598 0.6370127275096202 0.3330492807010968 0.7413857931823505 0.40960388331157904 0.7513231691005429
0 0.4099906061717148 0.6199648127891364 0.3626932213863924 0.6123207900501472 0.3573901152146777 0.6451337553860108 0.4046875000000001 0.6527777781250002
0 0.5005208328125 0.6546296296875 0.40989583281249997 0.6546296296875 0.4098958328125001 0.7638888890625 0.5005208328125001 0.7638888890625
0 0.5184965390737538 0.6541543084024498 0.45400593754230645 0.6178783382392672 0.4245239846566847 0.6702906890975007 0.48901458618813215 0.7065666592606833
0 0.5217631523211731 0.6747737496417294 0.49523905005732416 0.6082034540391706 0.46686577326698797 0.619508431557078 0.49338987553083696 0.6860787271596367
0 0.5744791671874999 0.6231481484374999 0.555926823083704 0.6061598092802585 0.5150247516117693 0.6508274661643002 0.5335770957155652 0.6678158053215416
0 0.6009713315838263 0.657877492911253 0.5778659187588757 0.6174430201968227 0.5138737543625493 0.6540099710355698 0.5369791671874999 0.6944444437499999
0 0.6239165230399852 0.7636595394904447 0.6217303480996658 0.6548365041913703 0.5326851836704996 0.6566253562160972 0.5348713586108189 0.7654483915151716
0 0.7838541671875001 0.6453703703125002 0.6807291671875 0.6453703703125001 0.6807291671875001 0.7638888890625001 0.7838541671875002 0.7638888890625002
0 0.708078260065073 0.6370243724130027 0.6545791225671772 0.6144544238251598 0.6195354051710786 0.697521013370744 0.6730345426689744 0.7200909619585869
0 0.6782398314129445 0.6221017026962196 0.6562942631229335 0.6011918305902781 0.6129502645224891 0.6466827200815585 0.6348958328125 0.6675925921875
0 0.7803761063822318 0.6242426672975646 0.7211983790806542 0.6000335957998645 0.7025931053571612 0.6455131514649659 0.7617708326587389 0.669722222962666
0 0.8465829132496943 0.7152405202190126 0.8339057438010151 0.6196863581202023 0.7608306468018022 0.6293812302931144 0.7735078162504815 0.7249353923919247
0 0.9351157521293233 0.7573461717394844 0.9301060073024703 0.6399302910977721 0.819473918866912 0.6446505940899646 0.8244836636937652 0.7620664747316769