0 0.3286458328125001 0.659259259375 0.22447916718750008 0.659259259375 0.22447916718750008 0.7675925921875 0.3286458328125001 0.7675925921875
0 0.4254105390791233 0.6412550251217335 0.3504738850290392 0.6287411880451744 0.3319371533898468 0.7397447625337243 0.40687380743993085 0.7522585996102835
0 0.37218638453502584 0.6290250662083052 0.3296858045829335 0.6107963019804069 0.29309112360636863 0.6961172346131024 0.335591703558461 0.7143459988410007
0 0.41046968961973784 0.615956976680311 0.365194092076484 0.6070136476526165 0.35993273526924624 0.6336492631598054 0.40520833281250007 0.6425925921875
0 0.5057291671875 0.647222221875 0.4088541671875 0.647222221875 0.4088541671875001 0.7648148140625 0.5057291671875002 0.7648148140625
0 0.49848135317339437 0.6709160992187575 0.4942449299268721 0.6181961146471251 0.4265274368018474 0.6236376936688579 0.43076386004836975 0.6763576782404903
0 0.5243622120467378 0.6697037696586051 0.49282215762830417 0.6034378002145556 0.4657107542413751 0.6163417861572322 0.4972508086598088 0.6826077556012817
0 0.5755208328125 0.6185185187500002 0.5564528648652687 0.6001953932378615 0.5137445320527687 0.6446398369878614 0.5328125 0.6629629625000001
0 0.5996237831341993 0.6511032465525359 0.575791881098082 0.6115924627954982 0.5113482587237967 0.6504632203264202 0.535180160759914 0.689974004083458
0 0.6266432544257214 0.7636660731449444 0.6248786466690796 0.6475327090275791 0.5340070369686691 0.6489134728464402 0.535771644725311 0.7650468369638055
0 0.6669790117133687 0.6106911953403135 0.6396942647383179 0.6023402573219894 0.616723603421351 0.6773915486269633 0.6440083503964018 0.6857424866452874
0 0.7083613050560345 0.6318826542266841 0.6605875111077923 0.607109330323323 0.6211711132175887 0.6831213696578203 0.6689449071658309 0.7078946935611814
0 0.7880208328125 0.6361111109375002 0.6755208328125 0.6361111109375001 0.6755208328125001 0.7611111109375001 0.7880208328125001 0.7611111109375002
0 0.7789166481663762 0.616637094508133 0.7202207211832957 0.5960018046795786 0.7053112330139961 0.6384110093096653 0.7640071599970766 0.6590462991382198
0 0.8528222085658494 0.6416690219893383 0.7880691324157496 0.607162449252419 0.7457612255811032 0.6865550662446038 0.8105143017312031 0.7210616389815231
0 0.9414687753171167 0.7163096794761146 0.8927360157253812 0.619277339962051 0.7958112671151596 0.6679560639438298 0.8445440267068951 0.7649884034578933