0 0.32877802800350137 0.7654490064050965 0.3264649416523216 0.6529028823462817 0.22200688266502921 0.6550497400238324 0.224319969016209 0.7675958640826472
0 0.41770833281249997 0.622222221875 0.3411458328125001 0.622222221875 0.3411458328125001 0.7453703703125 0.4177083328125001 0.7453703703125
0 0.36921125060174625 0.6244643243341598 0.32264107647522156 0.6083681574893111 0.29138538141191084 0.6987985795627358 0.33795555553843554 0.7148947464075845
0 0.4074850630287489 0.607591609620044 0.3633168856465248 0.6046834148712146 0.36130918402339085 0.6351753623093461 0.4054773614056149 0.6380835570581757
0 0.5036458328125 0.6370370375000001 0.40833333281249995 0.6370370375000001 0.40833333281250006 0.7638888890625 0.5036458328125001 0.7638888890625
0 0.5010416671875 0.6166666671875001 0.4265625 0.6166666671875001 0.4265625 0.6777777781250001 0.5010416671875 0.6777777781250001
0 0.5146499455496987 0.675759028649295 0.498226813953995 0.6027673135080638 0.4678877286460416 0.6095936059104509 0.48431086024174536 0.6825853210516822
0 0.5751499287979613 0.6114322386168376 0.5476632212808286 0.5975170931102284 0.511381409026955 0.6691848712976778 0.5388681165440878 0.683100016804287
0 0.6041076022409033 0.6410902217359331 0.578260400694588 0.6062641241876132 0.5198755485294466 0.649596140904974 0.5457227500757619 0.6844222384532939
0 0.6305758323086452 0.7637652661030586 0.6234691371297102 0.6378435974724558 0.5350488636782395 0.6428338103396395 0.5421555588571745 0.7687554789702423
0 0.6660558708785009 0.607524772143887 0.6390191918043573 0.6001319300560833 0.6177094437837637 0.6780647211993098 0.6447461228579074 0.6854575632871134
0 0.7087277305666575 0.6248405177654192 0.6651738278083548 0.6062448378279675 0.6256606365490676 0.6987907245912257 0.6692145393073703 0.7173864045286775
0 0.7889898217095147 0.760791296835217 0.7849395193186182 0.6297893095497397 0.6716040952773007 0.633293399437838 0.6756543976681972 0.7642953867233153
0 0.7837332259126442 0.6293584383244661 0.7327397278360201 0.5930964009137002 0.7080759067113598 0.6277799047895515 0.7590694047879839 0.6640419422003174
0 0.8437011739387603 0.6192534417233938 0.7721668144207983 0.6096729506351324 0.7583891481542063 0.7125462295676145 0.8299235076721683 0.7221267206558759
0 0.9494003122532941 0.7515114052131298 0.9190682440317313 0.6205538865747402 0.8062190471508 0.6466917484869892 0.836551115372363 0.7776492671253787