0 0.32858494016819517 0.7665035966417474 0.3275070548681593 0.6670685776721015 0.22556508585571944 0.6681736385550161 0.22664297115575532 0.7676086575246619
0 0.37419140978339877 0.6381562613409113 0.3366703332233441 0.6179817849744431 0.29668215888922794 0.6923529519595242 0.3342032354492826 0.7125274283259925
0 0.4236747843794698 0.6483126276658997 0.3473201436340025 0.6375752595826112 0.33265526720963523 0.7418588570409089 0.40900990795510256 0.7525962251241974
0 0.41081130669266874 0.6228684311119463 0.36309185725777937 0.6125854493777254 0.3564472177526107 0.6434207213907792 0.4041666671875001 0.653703703125
0 0.5000000000000001 0.6564814812499999 0.41041666718750014 0.6564814812499999 0.4104166671875002 0.7638888890625 0.5000000000000002 0.7638888890625
0 0.5177615562874063 0.6604149879138824 0.4582939787771962 0.6202743600487858 0.4250440519569752 0.6695334948843327 0.4845116294671854 0.7096741227494293
0 0.5207143621848991 0.6767089707880463 0.49739127083249174 0.6111127370016425 0.46906396169082154 0.6211846630977409 0.49238705304322883 0.6867808968841448
0 0.5778803948329685 0.6255570776686966 0.5589506108912881 0.6062892622104556 0.5180493832458195 0.6464729251667591 0.5369791671874999 0.6657407406250001
0 0.6013745287767216 0.6608097633478407 0.5795840214464683 0.617909702446972 0.5148673765065975 0.650781649393861 0.536657883836851 0.6936817102947297
0 0.6244791671875001 0.6555555562500001 0.5338541671875001 0.6555555562500001 0.5338541671875002 0.7638888890625 0.6244791671875002 0.7638888890625
0 0.6786458328125 0.6222222218750001 0.6569037473930112 0.6017558202622828 0.6141954145805112 0.6471261905747828 0.6359375 0.6675925921875001
0 0.7079976897124981 0.6364568668569823 0.6550503482597192 0.6160089202885674 0.6211472157500579 0.7037967442298048 0.674094557202837 0.7242446907982196
0 0.7833333328125001 0.6462962968750002 0.6807291671875 0.6462962968750001 0.6807291671875001 0.7648148140625001 0.7833333328125002 0.7648148140625002
0 0.7779385626877282 0.6205150584254577 0.7171808619895119 0.6018734896829256 0.7031255534808061 0.6476833804377015 0.7638832541790224 0.6663249491802337
0 0.8466661952616759 0.6350016754005902 0.7786118969861968 0.615861403711545 0.7516690229819687 0.711658287563085 0.8197233212574477 0.7307985592521302
0 0.941279243540801 0.7570802736249223 0.9377143421195259 0.6421122158229694 0.8218194575777813 0.6457058560611395 0.8253843589990565 0.7606739138630924