0 0.32872636136665223 0.7665151028796132 0.32756642215796106 0.6542908728669702 0.2229802652129183 0.6553718656624941 0.22414020442160948 0.7675960956751371
0 0.41770833281249997 0.622222221875 0.3411458328125001 0.622222221875 0.3411458328125001 0.7453703703125 0.4177083328125001 0.7453703703125
0 0.36982148697719036 0.6244442809544892 0.3235096621778798 0.6080077178983448 0.29193548363755023 0.6969714397997588 0.3382473084368608 0.7134080028559033
0 0.40945889254359324 0.6092716879015303 0.36562709721685127 0.6027780877821649 0.36137653748575804 0.6314693623806346 0.40520833281249996 0.6379629625
0 0.5036458328125 0.64351851875 0.409375 0.64351851875 0.4093750000000001 0.7638888890625 0.5036458328125001 0.7638888890625
0 0.5152429414532869 0.6567864964529777 0.46326957159633775 0.6119079056807998 0.4291404761074363 0.6514324110676191 0.48111384596438533 0.6963110018397971
0 0.5267964655401333 0.6633392880162052 0.4881282452989675 0.6011427870498728 0.4632767190745507 0.6165932428543727 0.5019449393157165 0.6787897438207051
0 0.5752150394281841 0.6125492020541128 0.5485297029296766 0.5977471799976961 0.5102938306889925 0.6666794591935834 0.5369791671875 0.68148148125
0 0.6038364148405014 0.6426918536631041 0.5798554979186523 0.6069452991488415 0.5234149158906509 0.6448090017357375 0.5473958328125 0.6805555562500002
0 0.6295697688156245 0.6427449368722192 0.5421365104314799 0.639231997054198 0.5371518761850205 0.7632941320743842 0.6245851345691651 0.7668070718924056
0 0.6659331026844867 0.6074986792683787 0.6382894967267891 0.6004307116914409 0.6181562681086124 0.679174004231874 0.6457998740663099 0.686241971808812
0 0.7082625875016244 0.6239999969154997 0.6629320703448437 0.6075322702535468 0.62760813164624 0.704768060116495 0.6729386488030207 0.721235786778448
0 0.7895558958124239 0.7608165951493815 0.7861127548082497 0.6271796640440983 0.6712081541686883 0.630140168589946 0.6746512951728624 0.7637770996952292
0 0.7821077183386864 0.6212545834049139 0.7301464829627432 0.5940853064697262 0.7100183329570287 0.6325803883456326 0.761979568332972 0.6597496652808201
0 0.8584222401058355 0.7006573850266982 0.823361372011982 0.6036989384521771 0.7563104765949336 0.6279450220358805 0.791371344688787 0.7249034686104018
0 0.9421236880912813 0.7528741782760512 0.9157382819257721 0.6225758745954253 0.807569702439924 0.6444800116675078 0.8339551086054332 0.7747783153481337