0 0.32857688693572434 0.7665232451654659 0.3275280513123749 0.6679981496820033 0.22512119175262688 0.6690883081015873 0.22617002737597636 0.7676134035850499
0 0.42825062426881255 0.6542883573680263 0.355663439374219 0.6352975235476195 0.3287007688510829 0.7383548389358371 0.40128795374567644 0.7573456727562439
0 0.37419068214319756 0.638167113066223 0.3357615585149982 0.6174771479659708 0.29561835374769074 0.6920383263613933 0.3340474773758901 0.7127282914616455
0 0.41217797872156137 0.6249693762188087 0.36415838349304525 0.6120348049518023 0.35615350710467253 0.6417529081721598 0.4041731023331886 0.654687479439166
0 0.499809225382622 0.6579566393185976 0.4135219620167684 0.6552601623384147 0.41016564991920734 0.7626621494603659 0.496452913285061 0.7653586264405489
0 0.5010416671875 0.6259259265625 0.43125 0.6259259265625 0.43125 0.6888888890625 0.5010416671875 0.6888888890625
0 0.5241194072563437 0.67353952929393 0.4957689097134422 0.6097508619808865 0.46843857524511234 0.6218976681900299 0.4967890727880138 0.6856863355030735
0 0.5765625000000001 0.6268518515625001 0.5576741378335457 0.6073732279123331 0.5172735255896649 0.6465495788452371 0.5361618877561194 0.6660282024954043
0 0.6011337392449476 0.6598213413152371 0.5792686988019528 0.6193067076170531 0.5150159556537213 0.6539827912754972 0.5368809960967161 0.6944974249736812
0 0.6255600045556018 0.7637262718659603 0.6239625058331411 0.6558950002685833 0.5334945356651398 0.6572352651530281 0.5350920343876007 0.7650665367504053
0 0.678125 0.6231481484375001 0.655521591082117 0.6027280223701463 0.6139945510350334 0.6486950582365011 0.6365979599529165 0.6691151843038547
0 0.7084599814305975 0.6363370207312564 0.6535756165026995 0.617204795764889 0.622194310915732 0.7072279389579423 0.67707867584363 0.7263601639243097
0 0.7822916671875001 0.6462962968750001 0.6807291671875 0.646296296875 0.6807291671875001 0.7648148140625001 0.7822916671875002 0.7648148140625002
0 0.783169511696088 0.6326986518466342 0.7269875155574341 0.6010962740807697 0.7015022252700633 0.6464034497346257 0.7576842214087172 0.6780058275004903
0 0.8483625343985327 0.6422727184697722 0.7830853183639208 0.6154988614421689 0.7476516889571785 0.7018894281539294 0.8129289049917905 0.7286632851815327
0 0.9306893866630288 0.7551232798805132 0.9251499246361451 0.6421701701186502 0.8190429758675716 0.6473738817714874 0.8245824378944553 0.7603269915333504