0 0.3283772981297014 0.7663285332017649 0.3262120447283948 0.6713280253756095 0.22608846656082174 0.6736100438946583 0.22825371996212832 0.7686105517208135
0 0.4210638079210237 0.6515034318312649 0.3441557913768044 0.6448479264638479 0.335343488885404 0.7466789172582124 0.4122515054296233 0.7533344226256296
0 0.3750725001626256 0.6434913283497655 0.3377622011780479 0.6221763623349797 0.29695707850478714 0.6936027641404354 0.33426737748936486 0.7149177301552213
0 0.4123932459442473 0.6507233132956822 0.3804809382304065 0.6114466226299669 0.3556617640560121 0.6316121994652897 0.38757407176985287 0.670888890131005
0 0.5029155932831029 0.7634562169836087 0.4992153201878752 0.6583453169080153 0.40827927006782455 0.6615465854672562 0.4119795431630523 0.7666574855428495
0 0.5157619120878734 0.6452733480717555 0.4462804505587248 0.6218233550987927 0.4274561503990794 0.6775990599727162 0.49693761192822805 0.7010490529456789
0 0.5250510036949029 0.6704610350196911 0.49159711575787685 0.6109874704040921 0.46271482388955165 0.6272337633877483 0.4961687118265776 0.6867073280033473
0 0.5801808563800943 0.6286781373502464 0.5539881869200601 0.6083192902468577 0.510786497727466 0.6639004122716116 0.5369791671875002 0.6842592593750002
0 0.6250389348678589 0.763766331361728 0.623665328270973 0.6640939030027608 0.5338693612940033 0.6653314000181751 0.5352429678908892 0.7650038283771423
0 0.6019500849825351 0.6663875034387321 0.5805748655989831 0.6225596857766826 0.5159397014213543 0.6540828344956535 0.5373149208049064 0.697910652157703
0 0.7798572723117527 0.7641088510665355 0.7749124065795743 0.6498273984410387 0.6799379761595946 0.65393686498725 0.684882841891773 0.7682183176127468
0 0.7072893590167039 0.6449348255062642 0.6513750151212673 0.6209170735423101 0.6176555443945991 0.6994174296544321 0.6735698882900357 0.7234351816183863
0 0.6791113635763089 0.6272963724913667 0.656447557069314 0.6059502287500403 0.6143812998491678 0.6506131676707182 0.6370451063561626 0.6719593114120446
0 0.7824724944799126 0.6320055573002643 0.7221814324708126 0.6048745865180513 0.700879246029852 0.6522127910353538 0.761170308038952 0.6793437618175668
0 0.847435986874505 0.6475111057846797 0.7835574875613793 0.6197457360823492 0.7486075923382298 0.700153340300865 0.8124860916513554 0.7279187100031955
0 0.9321908270001318 0.7540906401908228 0.9234089369932568 0.6454147649402274 0.8182112157544325 0.6539155919615236 0.8269931057613077 0.762591467212119