0 0.32915804681980193 0.7665115429060665 0.3280504129042538 0.6587248090895036 0.22285069889695192 0.659805858370937 0.22395833281250002 0.7675925921874999
0 0.42561165488435576 0.642261109161879 0.35124922604645625 0.6291895878396712 0.3320798586185614 0.7382419839676236 0.4064422874564609 0.7513135052898315
0 0.37322944314376144 0.6302741732591246 0.33041336424460555 0.6111304456877661 0.2930372929804684 0.6947242395411649 0.3358533718796243 0.7138679671125235
0 0.41185546718563576 0.6182801764835089 0.36661049515517313 0.6063638071110815 0.35949037591590244 0.6333980140717826 0.404735347946365 0.64531438344421
0 0.5085332951515037 0.6491196004052848 0.41240653228274554 0.6456311275474732 0.4081302758920112 0.7634656932135544 0.5042570387607693 0.7669541660713659
0 0.5043433493724525 0.6246694806593716 0.43820337569744555 0.6153685547089883 0.43170599394445414 0.6615721972701474 0.49784596761946115 0.6708731232205307
0 0.5306234822537108 0.6576700362806328 0.48691286573133724 0.6021644828671326 0.45785188347762656 0.6250500028365 0.5015625000000001 0.6805555562500002
0 0.5755208328125 0.61851851875 0.5567547655205007 0.6010689485034222 0.5145672655205007 0.6464393188159223 0.5333333328125 0.6638888890625001
0 0.6009405725860383 0.6539151648097548 0.580170344926723 0.6114306091994408 0.5149831446526073 0.643299907835533 0.5357533723119225 0.685784463445847
0 0.6256309194172521 0.7627572932581671 0.6236582400844048 0.6418074759255957 0.533012047851677 0.6432859061866943 0.5349847271845244 0.7642357235192657
0 0.665772885073236 0.6132297059734817 0.6431131259193184 0.6036701200990937 0.6158819080335824 0.6682181922506121 0.6385416671875002 0.6777777781250001
0 0.7085768763453912 0.6302217020416501 0.6590759605329082 0.608681800273783 0.6254313494096608 0.6860005866221994 0.6749322652221441 0.7075404883900666
0 0.7916145793334758 0.6400057844023974 0.6781449755101862 0.6358032106855944 0.673627999488964 0.757761685217073 0.7870976033122538 0.7619642589338759
0 0.8526735912191604 0.6392956073779553 0.7864230689737768 0.6059524185993841 0.7442999412218825 0.6896480492334135 0.8105504634672661 0.7229912380119847
0 0.7801931912476523 0.6192245605475857 0.7216053533835078 0.5951885196473262 0.7045979094535768 0.6366441558556828 0.7631857473177213 0.6606801967559421
0 0.9416621072070152 0.7554744768955882 0.9378436901749485 0.633046461675576 0.8204805535952888 0.6367069098078697 0.8242989706273555 0.759134925027882