0 0.3274892437117292 0.7665156772044294 0.32558642842935115 0.6760724747173128 0.2263603303685325 0.6781600714698467 0.22826314565091055 0.7686032739569633
0 0.4171875 0.6518518515625 0.33854166718750006 0.6518518515625 0.33854166718750006 0.7490740734375 0.4171875000000001 0.7490740734375
0 0.37487773193634616 0.6469429163082785 0.3388222315892607 0.6253740016291589 0.29794482231918895 0.6937063895147595 0.3340003226662744 0.7152753041938791
0 0.4112035468197311 0.6531381362576985 0.38223775506828667 0.6139040499518019 0.35527007280470435 0.6338137851340037 0.3842358645561488 0.6730478714399002
0 0.5020833328125001 0.665740740625 0.41093750000000007 0.665740740625 0.4109375000000002 0.7648148140625 0.5020833328125002 0.7648148140625
0 0.5116384321299441 0.6475077961000656 0.4433428059704026 0.6282996509425672 0.4288367261141254 0.6798768229589927 0.497132352273667 0.699084968116491
0 0.5804804008916253 0.6372753519536967 0.5588171785959202 0.6122949493608558 0.5153159448917949 0.6500195974071593 0.5369791671875 0.6750000000000002
0 0.6016315817052126 0.6703610121303656 0.5804173841294747 0.6280181591644788 0.5164964935795687 0.6600431718020379 0.5377106911553067 0.7023860247679246
0 0.6249972568025288 0.7627525987132725 0.6223724455798589 0.6653064668456916 0.5337952824613093 0.6676923833245703 0.5364200936839791 0.7651385151921511
0 0.6832012506271619 0.6363055206764814 0.6604518526012172 0.6080184395849791 0.6141664717986648 0.6452426603256624 0.6369158698246095 0.6735297414171646
0 0.7086609453830948 0.6479888692403958 0.6538353847532095 0.6248593361387822 0.6202304627513093 0.7045154485463951 0.6750560233811945 0.7276449816480088
0 0.7776041671875001 0.6555555562500002 0.6822916671875 0.6555555562500002 0.6822916671875001 0.7648148140625001 0.7776041671875003 0.7648148140625002
0 0.7829795603198565 0.639097442415562 0.7270292858399137 0.6080139542621098 0.7011595905250146 0.654579402336519 0.7571098650049575 0.6856628904899711
0 0.8512159989939765 0.6989985188003913 0.8167067323267332 0.6223112537883068 0.7519111658381343 0.6514692565213261 0.7864204325053774 0.7281565215334107
0 0.9293582652906478 0.7552833030332149 0.9260193216067705 0.6507325844429674 0.8214680255787524 0.6540715465679633 0.8248069692626296 0.7586222651582109