0 0.33040894572620805 0.7652906226042979 0.3270505444516131 0.6588712961476868 0.22234017136092693 0.6621757659480519 0.2256985726355219 0.7685950924046632
0 0.42889424708035184 0.6491628772993387 0.3559000194268379 0.6295664155582776 0.32798706701208385 0.7335384708183885 0.4009812946655978 0.7531349325594496
0 0.37280908218753905 0.6336880684462138 0.33388654463137957 0.614161052204448 0.29471653624216837 0.6922372981463776 0.33363907379832786 0.7117643143881432
0 0.40935423257703396 0.6174208858553378 0.3630719997354347 0.6099409298611984 0.35840526715840076 0.6388163408808607 0.4046875000000001 0.6462962968750001
0 0.5030284413249422 0.7636710870601414 0.5014921738129479 0.650467451733405 0.4100182713505148 0.6517088286922171 0.41155453886250914 0.7649124640189535
0 0.5160957155795136 0.6368768928642544 0.44642722472950547 0.6133637774962906 0.42844455743426446 0.6666457553333996 0.4981130482842727 0.6901588707013635
0 0.5272796008240469 0.6679415508045533 0.49265425220676917 0.6063853235468706 0.46456324225962076 0.6221865033098821 0.49918859087689854 0.6837427305675648
0 0.5760416671875 0.6222222218750001 0.5569451520453647 0.6028402964419601 0.5137159848578646 0.6454328886294601 0.5328125 0.6648148140625001
0 0.6013001299949584 0.6574476653420808 0.5791565350843093 0.6119196719331841 0.5124967397588536 0.6443412085306048 0.5346403346695027 0.6898692019395015
0 0.6245510106973121 0.7636722709896477 0.6228285023916384 0.651278490681737 0.531845943386702 0.6526728579957299 0.5335684516923758 0.7650666383036406
0 0.680754380181682 0.6216328374173595 0.6563052165339406 0.5989814062242209 0.611469485562283 0.6473755281869964 0.6359186492100244 0.670026959380135
0 0.7084087482205095 0.6352550142395328 0.6625261679047366 0.6132981447253799 0.6238811264501785 0.6940534735850883 0.6697637067659514 0.7160103430992413
0 0.7920956013826932 0.6457513641276591 0.6819629985533304 0.6380076728416841 0.673563054616016 0.7574736555717402 0.7836956574453787 0.765217346857715
0 0.7806552105081106 0.6244888787755336 0.7242638483439179 0.596733760693221 0.7032529754937931 0.6394225266629194 0.7596443376579858 0.6671776447452321
0 0.8590253128642829 0.6960261041498825 0.820516276216425 0.6080054631009478 0.7534853107434342 0.6373315152084943 0.7919943473912922 0.725352156257429
0 0.9406148442319182 0.7556649060819015 0.924280657981298 0.6337030059251739 0.8133975302182958 0.6485534277257914 0.8297317164689162 0.770515327882519