0 0.3292667137756945 0.7654529936949492 0.32700069399918363 0.6539223141184991 0.22169231303598913 0.6560619126110498 0.22395833281250002 0.7675925921875
0 0.36909571644813743 0.6238350962908787 0.3226364923756476 0.6078476576087709 0.29184040548735013 0.6973405607403087 0.33829962955984 0.7133279994224166
0 0.42654207410656364 0.6387391057767559 0.3552457773464533 0.6209150328399835 0.326055283814068 0.7376770151793519 0.39735158057417835 0.7555010881161243
0 0.4077800101788885 0.6088289469799129 0.364866145276308 0.6049165724434078 0.3622944679099196 0.633124662963495 0.40520833281250007 0.6370370375000001
0 0.5053198963212829 0.760610829113918 0.500604139350214 0.6368222232127301 0.4062668408890385 0.6404160254824254 0.4109825978601075 0.7642046313836132
0 0.5153491265808731 0.6345319715501262 0.44776922067216673 0.6091894973309376 0.43037718629824273 0.6555682382693752 0.497957092206949 0.6809107124885635
0 0.5267393635304886 0.6629681616481965 0.4879662133022581 0.6009311282621949 0.46183221322177587 0.6172648801500433 0.5006053634500063 0.679301913536045
0 0.5750370117202129 0.6119306150464564 0.548354794416958 0.5971332591565122 0.5102969498842451 0.6657582003600557 0.5369791671874999 0.6805555562500001
0 0.6036514970482015 0.6430430201229838 0.5798888089587011 0.6076217639665009 0.5194280290748162 0.6481824557635857 0.5431907171643164 0.6836037119200686
0 0.6301282540479688 0.7628345670735099 0.6214137729879146 0.6386532242224747 0.533501998242672 0.6448224721818254 0.5422164793027262 0.7690038150328605
0 0.6669048404799446 0.6096146365865571 0.6431710029157423 0.5990191740012758 0.6148078296232977 0.6625526858522189 0.6385416671875002 0.6731481484375003
0 0.7080844064770693 0.624291828030819 0.661850032776709 0.6057582211928109 0.6232348204987028 0.7020886424963828 0.6694691941990631 0.7206222493343908
0 0.7885416671875001 0.63148148125 0.6734375 0.63148148125 0.6734375000000001 0.7611111109375001 0.7885416671875002 0.7611111109375002
0 0.7840213111726853 0.6316135472030787 0.7361843562164083 0.5938164449236827 0.7090097276658531 0.6282093323021181 0.7568466826221301 0.666006434581514
0 0.8519135555160551 0.7120679909273039 0.8330683830824844 0.6087140258153375 0.7603598876966049 0.6219714188089009 0.7792050601301755 0.7253253839208673
0 0.9435949808612041 0.7549729025461167 0.9377253702710217 0.6306104726575101 0.8181670854297705 0.63625333903988 0.8240366960199527 0.7606157689284865