0 0.32793092535690666 0.7673850156516724 0.32686235959091425 0.6772248411311861 0.22761069630616806 0.678401157949204 0.22867926207216044 0.7685613324696903
0 0.418884130765921 0.7467350030514462 0.4153567370255208 0.6514952768209094 0.3370305385082745 0.6543962442353924 0.3405579322486747 0.7496359704659293
0 0.3742813867971636 0.6467407813307622 0.3381510434449455 0.6261047964844917 0.2973669824134447 0.6975112323460808 0.3334973257656628 0.7181472171923513
0 0.4113957714027456 0.6545436867374922 0.38206459305948126 0.6142503492963528 0.3549297962434371 0.6340028844613111 0.3842609745867015 0.6742962219024504
0 0.5118775775646747 0.675540073751636 0.423128689468563 0.6620164355806741 0.40803152728920633 0.761091576447835 0.49678041538531803 0.7746152146187969
0 0.5101294922101289 0.6426236647981549 0.44081759057136016 0.6276283060912216 0.4286047655487312 0.6840787147305667 0.4979166671875001 0.6990740734375
0 0.6251561876129333 0.7627165254822392 0.6225162362091872 0.6661932879435022 0.5328733364841214 0.6686450591956847 0.5355132878878675 0.7651682967344218
0 0.6014002111479814 0.6684386191750933 0.5778562203544984 0.6259815317448966 0.5140224245902694 0.6613796805759248 0.5375664153837524 0.7038367680061215
0 0.5252652957239847 0.6701466865157027 0.4909006937307998 0.6151633377597376 0.4637679475760638 0.6321213085579143 0.4981325495692488 0.6871046573138794
0 0.5798304031024581 0.6374385291680891 0.559712170940524 0.6119763923838331 0.516860935025566 0.6458341600907441 0.5369791671875002 0.6712962968750003
0 0.6843866251910401 0.6356871994282645 0.6598513515205371 0.6070751805776342 0.6140063935169972 0.6463879811493699 0.6385416671875002 0.6750000000000002
0 0.7109468733537458 0.644732349880625 0.6564474603009207 0.620098128441378 0.6199220003094195 0.7009050715765827 0.6744214133622445 0.7255392930158295
0 0.7770833328125001 0.6555555562500002 0.6822916671875 0.6555555562500002 0.6822916671875001 0.7648148140625001 0.7770833328125002 0.7648148140625002
0 0.7823945390769051 0.6392666092461268 0.7262475327544621 0.6088875550909864 0.7009904323254537 0.6555680926163507 0.7571374386478966 0.6859471467714912
0 0.8491108086564056 0.7255766987396484 0.8275948722150211 0.6263344443545621 0.755573148292862 0.6419489106311462 0.7770890847342466 0.7411911650162325
0 0.9304981376297532 0.75598665982904 0.9269305484925621 0.6506312766595845 0.8213729417186182 0.6542057135791381 0.8249405308558092 0.7595610967485935