0 0.32877131872576154 0.7654508201407826 0.32649266677823235 0.6539392730348935 0.22167968086497086 0.6560810450816109 0.22395833281250002 0.7675925921875
0 0.4232909746988658 0.6365120645909906 0.35007805797375297 0.6253558095380489 0.332447625697208 0.7410555101961179 0.4056605424223208 0.7522117652490596
0 0.3690544386467594 0.623616954337534 0.3221934988522328 0.6081114968234937 0.29216392150161613 0.6988675557793869 0.33902486129614273 0.7143730132934271
0 0.40984992068181825 0.6100578122522896 0.36659613155402515 0.6026162989740443 0.36183476073963805 0.6302917624804795 0.4050885498674311 0.6377332757587247
0 0.504920003632847 0.7631941434822122 0.4997412553652696 0.63430091454878 0.40599378487947957 0.6380675557787765 0.41117253314705693 0.7669607847122087
0 0.5171723393939619 0.6377651623364955 0.45099077067905347 0.6079834642324847 0.4296929156583692 0.6553120433688688 0.49587448437327764 0.6850937414728795
0 0.5267393635304886 0.6629681616481965 0.4879662133022581 0.6009311282621949 0.46220674465877887 0.6170307979755822 0.5009798948870092 0.6790678313615839
0 0.5750665707499995 0.6129278611188053 0.549120561206618 0.5976893506944846 0.5110331576441187 0.6625392677006795 0.5369791671875002 0.6777777781250002
0 0.6040836047833283 0.6415190777506183 0.5758119711450389 0.6038953944994423 0.5146162484765736 0.6498798091555786 0.542887882114863 0.6875034924067548
0 0.6310119665682249 0.7617460265141257 0.6218714470675639 0.6383490286798276 0.5326810481058523 0.6449557257250508 0.5418215676065133 0.7683527235593488
0 0.6733478599337739 0.6131223213727071 0.6468394531213131 0.598211342802805 0.6125540931875393 0.659163094867598 0.6390625000000002 0.6740740734375003
0 0.7089270294788902 0.624827289241817 0.663165371436215 0.6055215897002176 0.6227259285647595 0.7013780466046814 0.6684875866074347 0.7206837461462807
0 0.7945953993541811 0.6355010776693073 0.6768972412653959 0.6298459164166155 0.6707467232147389 0.7578536978940338 0.7884448813035242 0.7635088591467256
0 0.7833160092288268 0.6284501039786322 0.733164586391456 0.5935621613543469 0.7092532883029199 0.627934655999355 0.7594047111402906 0.6628225986236403
0 0.8446796623356067 0.6207254574851214 0.7732248666008849 0.6086674598382185 0.7555306167634612 0.7135222661531776 0.826985412498183 0.7255802638000806
0 0.9391834798607557 0.751817080317287 0.9278749656904596 0.627776831016884 0.8145299899145166 0.638110277393551 0.8258385040848127 0.762150526693954