0 0.32729667082100977 0.7665767614694208 0.326348924494035 0.67648153669926 0.22723597636228815 0.6775241439271917 0.2281837226892629 0.7676193686973524
0 0.41974218015014964 0.6525787022915488 0.3422908919940423 0.6484062464960033 0.33692229589550576 0.7480609112297578 0.4143735840516132 0.7522333670253034
0 0.37441127601997265 0.6466558986980725 0.3382026437593718 0.6255981245835234 0.2978274971458182 0.6950227859102843 0.334036129406419 0.7160805600248334
0 0.4116459856779816 0.6537374184902933 0.3819790533355511 0.6135536391570021 0.35545380918360425 0.6331367305605106 0.3851207415260347 0.6733205098938019
0 0.5086515878509507 0.671433738560023 0.42145124800301126 0.6609229829351103 0.4095484542459872 0.7596720831703344 0.4967487940939265 0.770182838795247
0 0.5087615931530568 0.6387405966384294 0.43828883177172884 0.6277292324212498 0.428803114992035 0.6884378459918805 0.49927587637336296 0.6994492102090601
0 0.524489986175117 0.6722414538064949 0.4918474894249173 0.6142103525531184 0.46810861608968174 0.6275634697430793 0.5007511128398814 0.6855945709964558
0 0.5807528863273469 0.6370852458214413 0.5602048866692044 0.612143760231741 0.5164311675293576 0.6482066628477999 0.5369791671875002 0.6731481484375001
0 0.6024867805695573 0.6676621546702274 0.577173751814905 0.6249464187910616 0.5116661384328478 0.6637657453708344 0.5369791671875 0.7064814812500002
0 0.6244791671875001 0.665740740625 0.5354166671875001 0.665740740625 0.5354166671875003 0.7638888890625 0.6244791671875002 0.7638888890625
0 0.6841272181133695 0.6345572053723665 0.6604485435606773 0.6065867714066291 0.6148629926348076 0.6451777144717626 0.6385416671874999 0.6731481484375001
0 0.709238842229487 0.647826712840708 0.6522319773309723 0.621590599209684 0.6171399773458225 0.69783988408115 0.6741468422443372 0.7240759977121741
0 0.7776041671875001 0.6555555562500002 0.6828125 0.6555555562500002 0.6828125 0.7648148140625001 0.7776041671875003 0.7648148140625002
0 0.7832841580155481 0.6407116009417199 0.727660744097771 0.6077495774673083 0.7007233500359091 0.6532064293784896 0.756346763953686 0.6861684528529012
0 0.8457024729039222 0.6456036723612817 0.7808577160956836 0.6223921983824354 0.7519276730062308 0.703212641336514 0.8167724298144694 0.7264241153153603
0 0.9298164911177859 0.754920036446044 0.9234321725230006 0.6489802341085267 0.8194200481380213 0.6552483838043183 0.8258043667328065 0.7611881861418357