0 0.3280368731027007 0.7665256153230275 0.3269823963773148 0.6698431826954837 0.22662068272357172 0.6709377878713321 0.2276751594489576 0.7676202204988758
0 0.4171875 0.647222221875 0.3390625000000001 0.647222221875 0.3390625000000001 0.747222221875 0.4171875000000001 0.747222221875
0 0.37470639711594755 0.6411217784162392 0.3368331565799462 0.6201562340227492 0.29652089840337426 0.6929783760008406 0.3343941389393756 0.7139439203943304
0 0.41132127879885694 0.6504131790914549 0.38206886790577443 0.6097141731291921 0.35547279315416674 0.6288301020906647 0.3847252040472493 0.6695291080529275
0 0.5008099649133373 0.7637353623629375 0.4993713160590979 0.6585342380317012 0.4107196069050585 0.6597465699398588 0.4121582557592979 0.7649476942710951
0 0.5175519026586833 0.6525665132854314 0.45293243946554435 0.6207616138972762 0.42637927478599796 0.6747108884015159 0.490998737979137 0.7065157877896711
0 0.5278032603019086 0.6663670262521523 0.48986040218539334 0.6111774229128998 0.4627064572466407 0.6298457629221852 0.5006493153631559 0.6850353662614376
0 0.577943465825169 0.6288352788227274 0.5590578639708063 0.6083857138515774 0.517871242509273 0.6464224220038646 0.5367568443636357 0.6668719869750146
0 0.601270057853513 0.6646010666101452 0.5799030593735182 0.6212600543613266 0.5156121687075054 0.6529552846261815 0.5369791671875002 0.6962962968750002
0 0.6250000000000001 0.6611111109375 0.5348958328125 0.6611111109375 0.5348958328125001 0.7638888890625 0.6250000000000002 0.7638888890625
0 0.6793509510341297 0.6261029814042561 0.6562266798945035 0.6043297210293419 0.6139214529968555 0.649259948315455 0.6370457241364818 0.6710332086903692
0 0.709225166433526 0.6388001129662089 0.6543032918402968 0.6148309756279015 0.6188492629794634 0.6960688482904029 0.6737711375726926 0.7200379856287104
0 0.7802083328125 0.6500000000000001 0.6822916671875 0.6500000000000001 0.6822916671875001 0.7648148140625001 0.7802083328125001 0.7648148140625002
0 0.7783593721361931 0.6242565300771676 0.7176931942690798 0.6052240131337758 0.7023546549453867 0.6541156314941081 0.7630208328125 0.6731481484375001
0 0.8497947794917906 0.7090860637605065 0.826793752071856 0.6204895102909767 0.7566797047293459 0.6386921949586404 0.7796807321492805 0.7272887484281702
0 0.9317704480597943 0.7553125136636261 0.9281438850777104 0.6465155752424845 0.8208518327126295 0.6500919753786063 0.8244783956947135 0.7588889137997479