0 0.32925410876382566 0.7654409547009332 0.32697567420383267 0.6539400459992559 0.221679898252507 0.6560916834858227 0.22395833281250002 0.7675925921875
0 0.41770833281249997 0.622222221875 0.3411458328125001 0.622222221875 0.3411458328125001 0.7453703703125 0.4177083328125001 0.7453703703125
0 0.3707297553016382 0.624580010356761 0.32425017633936126 0.6075701643773064 0.2914756304784092 0.697126947791857 0.33795520944068613 0.7141367937713117
0 0.41027658069142425 0.6098258449616092 0.3658845103049656 0.6026513680427457 0.3612708077051455 0.6311986493107218 0.4056628780916042 0.6383731262295853
0 0.5036458328125 0.6416666671875 0.4088541671875 0.6416666671875 0.4088541671875001 0.7638888890625 0.5036458328125001 0.7638888890625
0 0.5133695406787621 0.6304482727444569 0.44669352264465206 0.6079451169392341 0.43018108220877255 0.6568708669904489 0.4968571002428826 0.6793740227956716
0 0.5158632868836504 0.6752587155761155 0.4976171046929066 0.6022739662861792 0.46815087161007785 0.6096405224850419 0.4863970538008216 0.6826252717749781
0 0.5748544126784246 0.6120626215319454 0.5476815833667418 0.5980732200155382 0.5117627386899539 0.6678415109842762 0.5389355680016366 0.6818309125006834
0 0.6048922266224533 0.6428858071780637 0.5794373107736378 0.6055183018708672 0.5155028483684765 0.649070750635736 0.540957764217292 0.6864382559429325
0 0.6297180643788514 0.7630417065199353 0.6223511665887163 0.6359627341436835 0.5320297044429909 0.64119876153233 0.5393966022331259 0.7682777339085819
0 0.6648618194983555 0.6072773061235578 0.6378221797183834 0.600673052140876 0.6185591243917814 0.6795413207536285 0.6455987641717535 0.6861455747363103
0 0.7080089098126836 0.6251575548356321 0.6642971343170677 0.6073996459893133 0.6259227728620502 0.7018596123753371 0.6696345483576661 0.7196175212216559
0 0.7903832007361606 0.761806548801338 0.788268853430736 0.6302470277042354 0.6715579268300859 0.6321227371254451 0.6736722741355105 0.7636822582225478
0 0.7819831613664769 0.6203209038686299 0.7270404465866809 0.5931886986999484 0.7075371181788225 0.6326829382321838 0.7624798329586185 0.6598151434008652
0 0.8464433991813938 0.6237039274829936 0.7762658453317928 0.6067861237186147 0.7507831918008026 0.7124919419978843 0.8209607456504037 0.7294097457622634
0 0.9388663654809972 0.7542669411414552 0.9283312046783243 0.6281271979650287 0.8152688768869749 0.6375701362017143 0.8258040376896478 0.7637098793781408