0 0.32876490058424185 0.7654631892628437 0.3265168258752432 0.6548157436261093 0.22171025810350137 0.6569451465507655 0.22395833281250002 0.7675925921875
0 0.42406114072703394 0.6377862394411947 0.350586889599852 0.625977877210084 0.33223597306633534 0.7401613535811958 0.40571022419351727 0.7519697158123065
0 0.3710660396875859 0.625084290829063 0.32470267353291443 0.6081169745368891 0.29145349436628154 0.6989706983373882 0.337816860520953 0.7159380146295622
0 0.40747049454754763 0.6095575784884311 0.36418691781286017 0.606904177415658 0.3622700927051966 0.6381723665657516 0.40555366943988413 0.6408257676385246
0 0.505810833999388 0.763083469167408 0.49892000388861035 0.6487467297071283 0.40537955511421053 0.6543842119725223 0.41227038522498827 0.768720951432802
0 0.5172456945919659 0.6569463679011144 0.4608880791773268 0.6116986713745798 0.4269571658045758 0.6539608308506433 0.48331478121921484 0.6992085273771779
0 0.5250096516290943 0.6670972543691798 0.4915497260530466 0.6010035733927911 0.4663432125713608 0.6137643706833845 0.49980313814740845 0.6798580516597734
0 0.5740968432071003 0.6136593935656501 0.5489518302812 0.5993103375203921 0.5118341542615997 0.664354647079742 0.5369791671875 0.6787037031250001
0 0.6034329666626956 0.6447584568642973 0.580831961363741 0.6084888278608341 0.5193101994547595 0.646825411529036 0.5419112047537142 0.6830950405324993
0 0.6265625 0.640740740625 0.5369791671875 0.640740740625 0.5369791671875002 0.7666666671875 0.6265625000000001 0.7666666671875
0 0.6640090952571646 0.6075328301835858 0.6365954243275633 0.601851707913991 0.6199205556692409 0.6823145707958659 0.6473342265988421 0.6879956930654607
0 0.709179466550793 0.6261127195261496 0.6618484862302918 0.6060666564989239 0.6225142908302675 0.6989390587193883 0.6698452711507688 0.7189851217466142
0 0.7893783589147787 0.7618517443322401 0.787008120842225 0.6312255544419461 0.6724289108161904 0.6333046168884194 0.6747991488887439 0.7639308067787136
0 0.7834198436778661 0.626708370259291 0.730713363984109 0.5932439335087597 0.705454487035846 0.6330266585217422 0.7581609667296031 0.6664910952722736
0 0.846462829964341 0.6250725926287979 0.7768068398496452 0.6073042405121628 0.7488667912488023 0.7168355992093132 0.8185227813634981 0.7346039513259482
0 0.9378927401538208 0.7592307631455313 0.9313545222485707 0.6292836997479854 0.8178123967487856 0.6349965118618824 0.8243506146540357 0.7649435752594284