0 0.3276041671875001 0.6740740734374999 0.22760416718750007 0.6740740734374999 0.22760416718750007 0.7675925921875 0.3276041671875001 0.7675925921875
0 0.4276688451331821 0.65900054406452 0.35511982469633085 0.6408632898054911 0.32988153595101666 0.7418164495189277 0.4024305563878679 0.7599537037779566
0 0.3745749878159807 0.6442740967886706 0.3373840875009707 0.6233542148931219 0.296994003052165 0.6951588078612112 0.334184903367175 0.7160786897567598
0 0.41231382476051215 0.6520320155935582 0.38134897555229075 0.6119966552143672 0.35617425684133397 0.6314677268210895 0.3871391060495553 0.6715030872002805
0 0.5015625000000001 0.6620370375 0.41145833281250005 0.6620370375 0.41145833281250016 0.7638888890625 0.5015625000000001 0.7638888890625
0 0.5150589039994959 0.6488037060512906 0.4470243752725442 0.6244504320863646 0.42748981950370785 0.6790231477523248 0.4955243482306596 0.7033764217172508
0 0.5250309091276913 0.6722771757123562 0.49184749202306255 0.6132844275563316 0.46731732274394594 0.6270826462235349 0.5005007398485748 0.6860753943795597
0 0.58189753137594 0.6374624551500216 0.561697576943608 0.6113287644298633 0.5175337959445967 0.6454650207012129 0.5377337503769286 0.6715987114213713
0 0.6026918788390316 0.6671954656433229 0.5789636321494873 0.6237219285019697 0.5137717533104557 0.659304240983647 0.5375 0.7027777781250002
0 0.6248117568701335 0.7637612953456723 0.6234169093583378 0.6633321732826514 0.5346544532359585 0.6645649839307967 0.5360493007477543 0.7649941059938176
0 0.6811434755195289 0.6290156215509037 0.6568848449681723 0.6060796020945004 0.6142830366361436 0.6511380539810968 0.6385416671875002 0.6740740734375001
0 0.7098669741046333 0.6441893055974821 0.6564944102094635 0.6211723860573152 0.6209669857234106 0.703554814779092 0.6743395496185804 0.7265717343192589
0 0.7776041671875001 0.6555555562500002 0.6817708328125 0.6555555562500002 0.6817708328125001 0.7638888890625001 0.7776041671875003 0.7638888890625002
0 0.7827500900857328 0.6340220342237842 0.7240364525209493 0.6065000145511407 0.7019799165285152 0.6535539544726214 0.7606935540932988 0.681075974145265
0 0.8470049486433829 0.6459728668009512 0.7822372924784536 0.6199501479222865 0.7485804626593802 0.7037182580681675 0.8133481188243096 0.7297409769468322
0 0.9319537702257483 0.755003871540344 0.9256637635488639 0.6460295079331295 0.8190740997135979 0.6521818695989176 0.8253641063904821 0.7611562332061321