0 0.3278593531785901 0.766564150340626 0.3268906025201662 0.6755620438179016 0.22722559335510542 0.6766230142386946 0.22819434401352928 0.7676251207614191
0 0.4171875 0.65 0.3390625000000001 0.65 0.3390625000000001 0.7490740734375 0.4171875000000001 0.7490740734375
0 0.3744297107418754 0.644532367063262 0.338030106821519 0.6240575896752509 0.2979104855567817 0.6953813601757423 0.3343100894771381 0.7158561375637534
0 0.4128685944198681 0.6511793452106458 0.3808993427755723 0.6122927665688519 0.3563474712964279 0.6324772359942898 0.38831672294072367 0.6713638146360837
0 0.5005208328125 0.6629629625 0.41145833281250005 0.6629629625 0.41145833281250016 0.7638888890625 0.5005208328125001 0.7638888890625
0 0.5151772148427755 0.6484731869400858 0.44773027614263344 0.6243302435406788 0.42713686931655276 0.6818610186764008 0.49458380801669477 0.7060039620758078
0 0.5262198269215135 0.6700998805135608 0.49075309739300577 0.613353100499924 0.4655346228569629 0.629114643538603 0.5010013523854706 0.6858614235522399
0 0.5812801391273171 0.6375431743422592 0.5604926362887072 0.6102595777191959 0.5161916643488901 0.6440127002519369 0.5369791671875002 0.6712962968750001
0 0.6012336861958222 0.6682896806282738 0.5807251007943758 0.6253277297122919 0.516723027497819 0.6558801594340944 0.5372316128992652 0.6988421103500763
0 0.6249019504112285 0.7637484191948596 0.6234623467915855 0.6633359646927433 0.5340832327422305 0.6646173843806091 0.5355228363618736 0.7650298388827255
0 0.6799936782780505 0.6274877528053365 0.6558583337234879 0.6064308963268167 0.6144063226329374 0.6539431435214802 0.6385416671875002 0.675
0 0.7089520349554788 0.647674185583071 0.6543933431845518 0.6235611916624457 0.6202660328555745 0.7007785380997458 0.6748247246265016 0.7248915320203712
0 0.7781250000000001 0.6537037031250001 0.6822916671875 0.653703703125 0.6822916671875001 0.7638888890625001 0.7781250000000002 0.7638888890625002
0 0.7787801040645336 0.6275915195569347 0.7176818372772706 0.6079527951550423 0.7012439785774836 0.6590928109573998 0.7623422453647466 0.6787315353592922
0 0.83971815099487 0.7127925153417032 0.8353074103653275 0.6284370863806447 0.7626744256801171 0.6322348888521832 0.7670851663096596 0.7165903178132417
0 0.9302899198182155 0.7550389455191885 0.924111808837955 0.6481769154602995 0.8195452104568466 0.6542223185774855 0.8257233214371071 0.7610843486363745