0 0.3291476993689366 0.7664643318400273 0.3279717268875863 0.6606267033423519 0.22517449115651175 0.6617688937154219 0.22635046363786207 0.7676065222130974
0 0.42701908638541736 0.6479791795411768 0.3537541338212327 0.6306703341300752 0.3285799859191826 0.7372275716627712 0.4018449384833672 0.7545364170738729
0 0.37305030676559553 0.6352399060095184 0.3340695849989882 0.6154750323486482 0.29491856653718485 0.6926895384327548 0.3338992883037922 0.712454412093625
0 0.407717035938654 0.615833062070724 0.36159463290479327 0.611509091650771 0.35856509696613925 0.6438241780175471 0.4046875 0.6481481484375001
0 0.5026041671875001 0.6518518515625 0.41041666718750003 0.6518518515625 0.41041666718750014 0.7638888890625 0.5026041671875002 0.7638888890625
0 0.516649746389582 0.654310959776636 0.4541703680843539 0.6172861443254825 0.4257439728648357 0.6652556879716175 0.48822335117006377 0.702280503422771
0 0.5227534551035071 0.6736871998347281 0.4945947759792328 0.6069407022126957 0.4630921853145008 0.6202308578570382 0.4912508644387751 0.6869773554790706
0 0.5768981632791151 0.6211981639682123 0.5509948406544625 0.6047166440749383 0.5094599752187119 0.6699952728980512 0.5353632978433644 0.6864767927913251
0 0.6017604482425571 0.6590360962293279 0.5795081977111414 0.6148588338200666 0.5132200812758722 0.6482484033345426 0.535472331807288 0.6924256657438038
0 0.6250928840250933 0.7645901256498634 0.623279021450603 0.6503166702038077 0.532317774413689 0.6517604980909159 0.5341316369881793 0.7660339535369716
0 0.6744106503931807 0.6203474194117659 0.6515811913048244 0.602155194288516 0.6132078474651077 0.6503099789471918 0.6360373065534639 0.6685022040704416
0 0.7085426955896562 0.6338350925418863 0.6558857988141912 0.6138591474072277 0.6204123392323169 0.7073677291979583 0.6730692360077819 0.727343674332617
0 0.7854166671875001 0.6435185187500001 0.6802083328124999 0.64351851875 0.6802083328125 0.7638888890625001 0.7854166671875003 0.7638888890625002
0 0.780293232922954 0.621758476591183 0.7216685605925861 0.5977073308763717 0.7036606835712167 0.6416015345979524 0.7622853559015846 0.6656526803127637
0 0.8546246734460021 0.706274033811648 0.8263485176648157 0.6129178721476944 0.7565498625283602 0.634058818934475 0.7848260183095468 0.7274149805984286
0 0.9370360849896302 0.7545739025550217 0.9297029647065486 0.637427305847172 0.817816088654116 0.6444311791413909 0.8251492089371977 0.7615777758492406