0 0.3293110642007745 0.7654504337071263 0.32703262964012925 0.6539495249735339 0.2220205438720369 0.6560953654713108 0.2242989784326821 0.7675962742049032
0 0.4217367437339152 0.6338711476186547 0.3470050110316267 0.6262063534154849 0.33523966557405044 0.740918455081838 0.40997139827633894 0.7485832492850076
0 0.36983766530928036 0.62404831866283 0.32327781883578366 0.6081472997372878 0.29217309070807657 0.6992251968838381 0.33873293718157327 0.7151262158093805
0 0.40806116250035773 0.6090780573971755 0.3648951260308942 0.6048147458194204 0.3620422963430366 0.6336996509222451 0.40520833281250007 0.6379629625000002
0 0.5049007724712067 0.7614915508317243 0.5013996682483992 0.6364364628640872 0.4064750235008955 0.6390940202651902 0.40997612772370307 0.7641491082328272
0 0.5368973991705882 0.66030620319614 0.449804191200929 0.6086803546528966 0.4224112507791823 0.6548924581702519 0.5095044587488415 0.7065183067134952
0 0.5238982204259365 0.6593880969960315 0.4879205924726916 0.6003356272333261 0.4594506529737636 0.6176808948446515 0.49542828092700847 0.6767333646073569
0 0.6265625 0.6398148140625 0.5385416671875001 0.6398148140625 0.5385416671875001 0.765740740625 0.6265625000000001 0.765740740625
0 0.6029104374304695 0.6420238493675613 0.5716018934561824 0.5964928283239586 0.5123448595073723 0.6372398050147614 0.5436534034816594 0.6827708260583641
0 0.5745441669406908 0.6120614811881998 0.5498418517392062 0.5974599005842297 0.5125450702452943 0.6605569636660862 0.537247385446779 0.6751585442700563
0 0.6656873831896647 0.6099670852026294 0.6440974955057633 0.6004109056333127 0.6169517795035987 0.6617401173056833 0.6385416671875 0.6712962968750001
0 0.7087228776483834 0.6272935017695073 0.6629420204800802 0.6076180208275824 0.6229186744578575 0.7007442368041714 0.6686995316261608 0.7204197177460961
0 0.7895833328125 0.6324074078125002 0.6734375 0.6324074078125 0.6734375000000001 0.7620370375000001 0.7895833328125001 0.7620370375000002
0 0.7836138356368777 0.6301319925972445 0.7335852735053465 0.5926837140652743 0.706839703903311 0.6284141252625826 0.7568682660348423 0.6658624037945529
0 0.8603025100358883 0.6992326242598726 0.8242936660407679 0.6032090312706713 0.7564093415548572 0.6286656505663291 0.7924181855499774 0.7246892435555303
0 0.9407162081817821 0.7560914459389493 0.9383426230167533 0.6319233573589511 0.8198306284027502 0.6341888211790898 0.8222042135677791 0.758356909759088