0 0.32933320042666525 0.7663507396823144 0.327041338191265 0.659349405492694 0.2238697002193545 0.6615592394412426 0.2261615624547547 0.7685605736308629
0 0.42709141935711903 0.6482475685817704 0.35459399680802595 0.6304064057225613 0.32844859037186636 0.7366480556126442 0.4009460129209595 0.7544892184718532
0 0.3732024701583744 0.6350345505839226 0.33437869887250704 0.6150680387811974 0.29492985926735665 0.691774112503809 0.333753630553224 0.7117406243065341
0 0.4108518558235355 0.618924534046277 0.36391677728573735 0.6090241664586366 0.35766358187149316 0.638668946339956 0.40459866040929127 0.6485693139275964
0 0.5049641933068241 0.7622685023274319 0.4971099658971866 0.6505639903577844 0.4040803067645397 0.6571051415233471 0.4119345341741772 0.7688096534929946
0 0.5167185754298655 0.6551601508255018 0.45420541344894333 0.6166905107414188 0.42293852328672504 0.6674992046901613 0.48545168526764726 0.7059688447742445
0 0.5221605990560672 0.6739403996334367 0.49457913445984686 0.6068416407980342 0.4597748630863288 0.6211482061555358 0.4873563276825492 0.6882469649909384
0 0.5760416671875 0.6222222218750002 0.5575793386595678 0.6038826480675957 0.5143501714720677 0.6474011668175957 0.5328125 0.6657407406250002
0 0.6017935898401721 0.6571091753583551 0.5785668190491068 0.6131960624779456 0.5122475680073212 0.6482740139585809 0.5354743387983865 0.6921871268389904
0 0.6244791671875001 0.652777778125 0.5333333328125 0.652777778125 0.5333333328125001 0.7648148140625 0.6244791671875001 0.7648148140625
0 0.68125 0.6222222218750001 0.657070960321658 0.5987543305166142 0.611237627509158 0.6459765523916141 0.6354166671875 0.66944444375
0 0.7087910746209529 0.6354101086201585 0.6585850976418495 0.6121001896323437 0.6198444354252235 0.6955416119907778 0.6700504124043271 0.7188515309785926
0 0.7882693459251746 0.7609417223243582 0.7796578171778682 0.638466885058944 0.6729587617087056 0.6459691769908934 0.681570290456012 0.7684440142563076
0 0.780912162612203 0.623204456306826 0.7232198569499209 0.597242915838126 0.7032202878069406 0.6416863978226347 0.7609125934692227 0.6676479382913347
0 0.8585795658535614 0.6978811845212805 0.8223071395380049 0.6099903071829862 0.7531964253366276 0.6385121898220245 0.7894688516521841 0.7264030671603188
0 0.937787933366174 0.7571253213617664 0.9338865091402966 0.6378880569000108 0.8199401988265473 0.6416163619522456 0.8238416230524248 0.7608536264140011