0 0.3276041671875001 0.6564814812499999 0.2239583328125001 0.6564814812499999 0.2239583328125001 0.7675925921875 0.3276041671875001 0.7675925921875
0 0.42520152764610764 0.6361304700514284 0.3518636249876395 0.6232813074222511 0.3314469307497676 0.7398116664687399 0.40478483340823573 0.7526608290979172
0 0.3711020403668721 0.6247452755410411 0.32428920173446896 0.6080467939290244 0.2925187728129705 0.6971126142197787 0.33933161144537366 0.7138110958317954
0 0.4110997216145512 0.6335255950663947 0.3840808608683526 0.6015032432155536 0.35958951341623707 0.6221678186776491 0.3866083741624357 0.6541901705284902
0 0.5054985907094988 0.7642505613917583 0.5034313341171974 0.6429717477780398 0.40835163501604005 0.6445924276717839 0.4104188916083415 0.7658712412855024
0 0.510293855211082 0.6272049290122602 0.4454370187964776 0.6086079858387918 0.43223679483244004 0.6546437648529004 0.4970936312470443 0.6732407080263687
0 0.5174900985508382 0.6751499939599663 0.49683399597338307 0.6017060513071187 0.4678747174739154 0.6098508459034762 0.4885308200513706 0.6832947885563236
0 0.5746456738509922 0.6125305770643891 0.5477364515909319 0.5982978075610383 0.5111192432712718 0.6675282266291391 0.5380284655313321 0.68176099613249
0 0.6040377675727314 0.6447030212026228 0.5779398901309583 0.6041581042942042 0.5150479553707268 0.6446402690290816 0.5411458328125 0.6851851859375001
0 0.6297528327034444 0.6437168862527366 0.5409070874983538 0.6388412062728936 0.5339759919811112 0.765141199066292 0.6228217371862018 0.7700168790461348
0 0.6641111914492086 0.6093399862602946 0.6425075791565137 0.6009270411937819 0.6169380548948051 0.6665870549334875 0.6385416671875 0.675
0 0.7093393704336142 0.6258877736392318 0.658792066913743 0.6040892488600466 0.61778423658056 0.6991798693281834 0.668331540100431 0.7209783941073687
0 0.7995252064651476 0.6397651619714949 0.6840510090556637 0.6276894315062358 0.6709909372536765 0.7525763949726184 0.7864651346631604 0.7646521254378775
0 0.7832028136908962 0.6311174906518635 0.734096526246328 0.5937031717315936 0.7077614369579509 0.6282679721019883 0.756867724402519 0.6656822910222583
0 0.8534977941865509 0.7066560013273558 0.8302493061940626 0.6076423700386084 0.759039104757487 0.6243625881691099 0.7822875927499755 0.7233762194578574
0 0.9350516065924828 0.7624686936127535 0.9316296903574693 0.6315804856843074 0.8186860528141284 0.6345332625086514 0.8221079690491419 0.7654214704370975