0 0.33022721514365294 0.7652577689761064 0.3268093774065439 0.6582367375696656 0.22060382111582647 0.6616285321862069 0.22402165885293548 0.7686495635926478
0 0.42544772901601985 0.6423831621197272 0.351135387857558 0.6295732714079832 0.33216853733414553 0.739603177089005 0.4064808784926074 0.752413067800749
0 0.373140596061878 0.6304728850122931 0.3309923005817706 0.6116277336809739 0.29370507639951693 0.6950228157812043 0.3358533718796243 0.7138679671125235
0 0.4138120978527525 0.6225468456990498 0.36936921829680747 0.6043138657893108 0.35801424818812844 0.6319915998404421 0.4024571277440735 0.6502245797501812
0 0.50625 0.6481481484375 0.40989583281249997 0.6481481484375 0.4098958328125001 0.7648148140625 0.5062500000000001 0.7648148140625
0 0.5165181333391139 0.6414014520088308 0.4498652809062862 0.6132822873578851 0.4308060236085815 0.6584597981379032 0.4974588760414093 0.6865789627888489
0 0.5301669431801719 0.6576194049690666 0.486655688702004 0.6023670097462686 0.4575304127093321 0.6253031610272021 0.5010416671875 0.6805555562500001
0 0.5755208328125001 0.6194444437500001 0.5564623588293937 0.6013537832521815 0.5142748588293936 0.6457982285646816 0.5333333328125001 0.6638888890625002
0 0.6006189924416208 0.6520854398309405 0.5759207744807519 0.6114237390336357 0.5109413402417642 0.6508927282382101 0.5356395582026331 0.6915544290355149
0 0.6244791671875001 0.65 0.5338541671875001 0.65 0.5338541671875002 0.7629629625 0.6244791671875002 0.7629629625
0 0.6796591544600005 0.6178338071032902 0.6520074644578873 0.5979449890079634 0.6108899771853868 0.6551111819046735 0.6385416671875 0.6750000000000002
0 0.7068472662359555 0.6301537810394681 0.6592726403666391 0.6106502007812582 0.6264538553621587 0.690704293281349 0.6740284812314752 0.7102078735395588
0 0.7877469382366071 0.7600484858527531 0.7863826907986244 0.6380336895033571 0.6756557360756539 0.6392717275841148 0.6770199835136366 0.7612865239335107
0 0.7810908246504441 0.6211870480050571 0.722705513121681 0.594913664713879 0.703741121144729 0.6370567690585599 0.7621264326734921 0.663330152349738
0 0.8595161104626005 0.7042090864543595 0.8249114055726746 0.6068833524307282 0.7559164012252202 0.6314149091487398 0.790521106115146 0.728740643172371
0 0.9407947145875625 0.757134217503729 0.936832917789476 0.6338233060914745 0.8208955409968851 0.6375482021521307 0.8248573377949718 0.7608591135643852