0 0.32925410876382566 0.7654409547009332 0.3269750220425286 0.6539081308504507 0.22167924609120293 0.6560597683370175 0.22395833281250002 0.7675925921875
0 0.42631354260307397 0.6388432042406641 0.3554752904624827 0.6210738116606995 0.3262212963925502 0.7376957951482958 0.39705954853314146 0.7554651877282603
0 0.36908381807488616 0.6237692287489857 0.32282414534589626 0.6080355613034213 0.292059048753109 0.698490206082336 0.3383187214820989 0.7142238735279005
0 0.40786372914046465 0.6088365794766417 0.36400050286621194 0.6048376534895763 0.3613451065382474 0.6339640365129348 0.4052083328125001 0.6379629625000002
0 0.7890625000000001 0.6240740734375001 0.6729166671875 0.6240740734375001 0.6729166671875001 0.7620370375000001 0.7890625000000002 0.7620370375000002
0 0.7091268166197543 0.6245718964303025 0.6569689488217556 0.6034743323611005 0.6176665735974949 0.7006385397724578 0.6698244413954936 0.7217361038416598
0 0.5107094734618295 0.7549838167975496 0.4932391781826654 0.6356863422363702 0.400565690070345 0.6492577376730947 0.4180359853495091 0.768555212234274
0 0.5082561472219622 0.6399678694084551 0.44277752626303196 0.6220528584968565 0.43318231654106987 0.6571229515884015 0.49866093750000007 0.6750379625
0 0.5207524837631217 0.6668381141379048 0.4890987245202316 0.6035175141979151 0.46115964217239647 0.6174841693929668 0.49281340141528646 0.6808047693329565
0 0.6284223953125 0.6454018515625 0.5379463546875 0.6454018515625 0.5379463546875001 0.7692379625 0.6284223953125001 0.7692379625
0 0.6090180400180634 0.6446621512259468 0.5793110083301805 0.6050401166928602 0.5086032464371171 0.6580539951544134 0.538310278125 0.6976760296875001
0 0.5802083328125 0.6210583328125 0.5536114515776 0.5953173770964818 0.5095640562650999 0.6408294145964819 0.5361609374999999 0.6665703703125001
0 0.6793397251129725 0.6085315417112639 0.6482192288917242 0.591613294103895 0.6086117959662519 0.6644697148926311 0.6397322921875002 0.6813879625000001
0 0.7784053993470014 0.6210860126389163 0.7170458995513391 0.5964476856963156 0.7019456599116137 0.6340534514306013 0.763305159707276 0.6586917783732021
0 0.8393676539020186 0.6168476638957185 0.7709558676173481 0.6100888458463944 0.7595530874359714 0.7255061503405484 0.8279648737206419 0.7322649683898725
0 0.9477685574613538 0.7376987832012531 0.8926562161580602 0.6200990487803187 0.7930128245338068 0.6667962682498555 0.8481251658371004 0.7843960026707899