0 0.3279841869424362 0.7665383382722053 0.32695593061149203 0.6716815980426467 0.22666660155311497 0.6727687441672221 0.22769485788405913 0.7676254843967807
0 0.4171875 0.6481481484375 0.33854166718750006 0.6481481484375 0.33854166718750006 0.7481481484375 0.4171875000000001 0.7481481484375
0 0.3745749866953268 0.6424222441955482 0.33738408667779896 0.621502363303421 0.2968688180060072 0.6935295088749307 0.334059718023535 0.7144493897670579
0 0.41341763912445223 0.6508530548067033 0.38114412753167476 0.6109399192493989 0.35594998881320145 0.6313117421254367 0.3882235004059789 0.6712248776827411
0 0.5013688171592787 0.7637434956504132 0.4999262395875945 0.6623121603329218 0.40875933951259535 0.6636087549692491 0.4102019170842796 0.7650400902867405
0 0.5142463225038975 0.641013070536154 0.4440200773995032 0.621261941216736 0.4276904220831058 0.679322944118082 0.4979166671875001 0.6990740734375
0 0.5276362265686665 0.6657855229253891 0.4892483685609473 0.6121643877999087 0.46267106156541005 0.6311913234435638 0.5010589195731293 0.6848124585690443
0 0.5781727640802637 0.6293490458558165 0.5559072608384381 0.6092441751965386 0.5163141736775982 0.6530922568616028 0.5385796769194239 0.6731971275208807
0 0.6008223058526724 0.6649805360154312 0.5803692196139901 0.6218373082900313 0.5165692943590392 0.6520831995239119 0.5370223805977213 0.6952264272493118
0 0.6250000000000001 0.6629629625 0.5354166671875 0.6629629625 0.5354166671875001 0.7638888890625 0.6250000000000002 0.7638888890625
0 0.6812626456359485 0.6305434932042132 0.6572378822733288 0.6053584432102352 0.613260279261582 0.6473099781829702 0.6372850426242016 0.6724950281769482
0 0.7090321773528601 0.6435085448055637 0.6538597977195868 0.6191677895145448 0.6201401452641887 0.6955990030955667 0.675312524897462 0.7199397583865856
0 0.7791666671875002 0.6509259265625001 0.6833333328125 0.6509259265625 0.6833333328125001 0.7648148140625001 0.7791666671875002 0.7648148140625002
0 0.7736891717415805 0.6198857046034812 0.7119669282416069 0.6077341335691534 0.7012985893125265 0.6619225024031723 0.7630208328125001 0.6740740734375003
0 0.852137536433362 0.7177853215505788 0.8253120296736147 0.6224057317411258 0.7562924209747288 0.6418174946078559 0.7831179277344761 0.7371970844173088
0 0.9322030343526343 0.7540246503439005 0.9229684635284385 0.644075556077697 0.817362124044795 0.6529453810449185 0.8265966948689908 0.7628944753111222