0 0.3282357996424769 0.766386427237481 0.32616095006179274 0.6730181821014549 0.22617560286735391 0.6752400783724913 0.22825045244803807 0.7686083235085174
0 0.4208164938622992 0.6523134557451356 0.3437930324850772 0.6460893330920509 0.33567679056956684 0.7465277531796887 0.41270025194678883 0.7527518758327734
0 0.3747202653271096 0.6440158255468453 0.3371337176800742 0.6228733924344001 0.29699400377513074 0.6942328836151217 0.33458055142216614 0.7153753167275669
0 0.41191660401298247 0.6526918348971358 0.3819681083257778 0.611550465516858 0.3553740050529123 0.6309094076028813 0.3853225007401169 0.672050776983159
0 0.5104567138496398 0.6725214448767616 0.42374273521094397 0.6589723915574972 0.40804023207043844 0.7594684549956608 0.4947542107091342 0.7730175083149252
0 0.5147912252253946 0.6440755182814702 0.444945834381004 0.6226456807495678 0.42769839996593983 0.6788595365937753 0.4975437908103304 0.7002893741256777
0 0.523067022682236 0.6758590928077439 0.4949742176142832 0.612650340663073 0.46810029838070755 0.6245943159643542 0.49619310344866036 0.687803068109025
0 0.5786929720102542 0.6324153420490839 0.5594134722666143 0.6101397042001263 0.5176996674438602 0.6462428809010425 0.5369791671875 0.6685185187500001
0 0.6006993280374909 0.6652069170309324 0.5772877360867987 0.623442309769523 0.5135675752368078 0.6591613193010907 0.5369791671875 0.7009259265625001
0 0.6248855433845784 0.7628209853402435 0.623462583860607 0.6595675558688059 0.534608365274603 0.6607920765189115 0.5360313247985744 0.7640455059903489
0 0.6817112685241539 0.6290860190771527 0.6584069681239573 0.6052520760141811 0.6152373667873035 0.6474623538120283 0.6385416671875002 0.671296296875
0 0.708968199236867 0.6450016944546613 0.654424359113744 0.6216010003588307 0.6210612040920641 0.6993659839979143 0.6756050442151873 0.722766678093745
0 0.7791666671875002 0.6518518515625001 0.6828125 0.6518518515625 0.6828125 0.7648148140625001 0.7791666671875002 0.7648148140625002
0 0.7794441428672909 0.62788155295238 0.7180984645894084 0.6071773867923967 0.7014893678313978 0.6563895259498018 0.7628350461092804 0.6770936921097851
0 0.8470155693451764 0.6481513546026131 0.784421328822031 0.6193437786529286 0.7475299790853768 0.6995027626185649 0.8101242196085222 0.7283103385682494
0 0.9323759584185141 0.7527478854636933 0.9230105043211301 0.6447524773459689 0.8176698716252959 0.6538877070496871 0.8270353257226798 0.7618831151674115