0 0.32861078987577663 0.7664898685727951 0.32749904227104143 0.6651817667831947 0.2250419284423666 0.6663061235609347 0.22615367604710176 0.767614225350535
0 0.4265000083225397 0.6519746170345206 0.3535042133549079 0.6350149975463271 0.3293276559183091 0.7390731711918914 0.40232345088594085 0.7560327906800849
0 0.37444314562662273 0.637633225944208 0.335668933945618 0.6168141179086143 0.29533520228851373 0.6919330253317197 0.33410941396951843 0.7127521333673135
0 0.4128939772172876 0.6239268783040564 0.36510348997694064 0.6103331412915188 0.35633172104812855 0.6411713950168212 0.40412220828847545 0.6547651320293586
0 0.5002580345884182 0.7646369722670163 0.4987760679868045 0.6539833548655761 0.4092335978100793 0.6551825831722884 0.410715564411693 0.7658362005737286
0 0.5163905476322439 0.6471413656223997 0.4507287290542427 0.6175935550186018 0.4270053721169382 0.6703121398290188 0.49266719069493925 0.6998599504328167
0 0.5214447731186767 0.6749006033279265 0.4959033258279842 0.6107965835276583 0.469271775215074 0.6214075927649636 0.49481322250576654 0.6855116125652317
0 0.5774936718293278 0.6244459574147943 0.557472623100393 0.6048032130145229 0.5165105873819034 0.6465541464098034 0.5365316361108381 0.6661968908100747
0 0.6007251196417082 0.6598359029865176 0.5774284854936333 0.6180436307365157 0.5136825330394252 0.6535780980624981 0.5369791671875 0.6953703703125
0 0.6249075579049849 0.7628075314113616 0.6234336562171199 0.6550285429261506 0.5323301837420792 0.6562744032161621 0.5338040854299442 0.7640533917013731
0 0.6786458328125 0.6222222218750001 0.6562976423014104 0.6013545997489498 0.6130684766764106 0.6476508966239497 0.6354166671875002 0.66851851875
0 0.7067925149268035 0.633256243231509 0.6510459088259662 0.6175775100146932 0.6213461535474877 0.723176638203498 0.6770927596483249 0.7388553714203139
0 0.7838541671875001 0.6453703703125001 0.6802083328124999 0.6453703703125 0.6802083328125 0.7638888890625001 0.7838541671875002 0.7638888890625002
0 0.7804318865785481 0.6230149655523578 0.7197012927945361 0.6002409950184135 0.7025970327922689 0.6458523593005255 0.763327626576281 0.6686263298344697
0 0.8568157787478334 0.6845412712014334 0.8136347339124868 0.6116732466561563 0.7480240083505121 0.6505536705437405 0.7912050531858588 0.7234216950890174
0 0.9324487926240883 0.7552885550287831 0.9290781811536954 0.641530400128312 0.8208677118540859 0.6447366357547333 0.8242383233244788 0.7584947906552044