0 0.3292921515389137 0.7654508201726978 0.3270139343651525 0.6539605498114021 0.22203967395269691 0.6561056173773837 0.2243178911264581 0.7675958877386794
0 0.41770833281249997 0.6240740734375 0.3411458328125001 0.6240740734375 0.3411458328125001 0.7453703703125 0.4177083328125001 0.7453703703125
0 0.3693765605157613 0.6239139662530219 0.3226844868177336 0.6078991551649943 0.2920315023685439 0.6972696385943016 0.33872357606657155 0.7132844496823292
0 0.4094278173725283 0.6093466727449575 0.3660339661811095 0.6027342757353077 0.36181448162108126 0.6304246404903504 0.40520833281250007 0.6370370375000002
0 0.503125 0.6388888890625 0.40989583281249997 0.6388888890625 0.4098958328125001 0.7638888890625 0.503125 0.7638888890625
0 0.5135558977754706 0.6543810713800527 0.46179132466091943 0.6112439279267483 0.42702641163249255 0.652961824343071 0.4787909847470438 0.6960989677963755
0 0.5187642765711022 0.6721334434867478 0.49553899130265433 0.6013516430455789 0.4680710147929508 0.6103645755537752 0.4912963000613987 0.6811463759949442
0 0.5751343549655558 0.6113739691585524 0.5474322326285438 0.5977126490013834 0.5117907241279778 0.6699857102721278 0.5394928464649899 0.6836470304292969
0 0.604139774822389 0.6404559797384469 0.5771805189068941 0.6054330183299279 0.5156774217335462 0.6527756092933672 0.542636677649041 0.6877985707018863
0 0.6305012854804737 0.7639999369586667 0.6242559860824544 0.6340197308422955 0.535581543587964 0.6382803675875144 0.5418268429859834 0.7682605737038857
0 0.6666258723168816 0.6089556771139979 0.6435050461608942 0.5988403160578208 0.6154208410315128 0.6630327873813231 0.6385416671875002 0.6731481484375001
0 0.7091399476343487 0.6247660068477794 0.6609592489247189 0.6048120502211499 0.6208801124856592 0.7015868820725644 0.6690608111952889 0.7215408386991938
0 0.7895833328125 0.6305555562500003 0.6729166671875 0.6305555562500001 0.6729166671875001 0.7611111109375001 0.7895833328125001 0.7611111109375002
0 0.7832429140329481 0.6240204896031283 0.7303177848185343 0.592657454969136 0.7089303091305498 0.628748825831887 0.7618554383449636 0.6601118604658792
0 0.8489557012630609 0.6294519282650795 0.779945978485455 0.6051906980749295 0.7476256805026744 0.697123991910411 0.8166354032802803 0.721385222100561
0 0.9440402898325153 0.7569417404686704 0.935715788390756 0.6286827586833972 0.8167657438173516 0.6364030742805256 0.8250902452591109 0.7646620560657986