0 0.3281250000000001 0.6564814812499999 0.22291666718750008 0.6564814812499999 0.22291666718750008 0.76851851875 0.3281250000000001 0.76851851875
0 0.4246792916394194 0.6362333443515934 0.3518122096470252 0.6238128186732391 0.33192644964625984 0.7404759408293409 0.40479353163865406 0.7528964665076952
0 0.37104964764506915 0.6249568144098238 0.3250569454009417 0.6084368458667664 0.2926265530136722 0.6987252369639003 0.3386192552577996 0.7152452055069577
0 0.41204538803312063 0.6347420092886636 0.38262983111856613 0.6012736466873607 0.358442712970489 0.6225318587773696 0.3878582698850435 0.6560002213786725
0 0.5032952953525267 0.7643174348300963 0.5011259370267142 0.6409052966560138 0.4081696336825001 0.6425392974405402 0.41033899200831253 0.7659514356146226
0 0.5146022475262202 0.648547961424883 0.46161564432110824 0.6092986252267758 0.429359960269638 0.6528437981519459 0.48234656347474997 0.692093134350053
0 0.517787791133042 0.6742048560844319 0.4962241289827921 0.6014274235499023 0.4595575884174517 0.6122915728532499 0.48112125056770144 0.6850690053877794
0 0.5744812669417128 0.6128516581707193 0.5476374436574746 0.5985793859326488 0.5106561767157618 0.6681351355744296 0.5375 0.6824074078125001
0 0.603851789301616 0.644224703552066 0.5795855564741411 0.6067672347730289 0.5159589703016334 0.6479867192819111 0.5402252031291082 0.6854441880609482
0 0.6286420611207653 0.7647075731666443 0.6242938287769828 0.6410244024299907 0.5336506518893087 0.6442110735925969 0.5379988842330911 0.7678942443292505
0 0.6658665804986367 0.610538476211253 0.6427646803849145 0.6007923619484934 0.6159605998862777 0.6643279591747404 0.6390624999999999 0.6740740734375
0 0.70912146269399 0.6271085160623906 0.6640553876785711 0.6057292779766983 0.6219325622983314 0.6945215165419107 0.6669986373137503 0.715900754627603
0 0.7888842202958626 0.7608869600663686 0.7861753542689138 0.6308616508234626 0.6722009028626995 0.6332361233100279 0.6749097688896482 0.7632614325529339
0 0.783733226049751 0.6293584436003083 0.7319565164408117 0.5925394481676208 0.7060682457899448 0.6289448268591199 0.7578449553988841 0.6657638222918075
0 0.8607195708876236 0.7000131574243277 0.8221330765065394 0.6039756541242352 0.7544185229489878 0.6311823926438898 0.7930050173300721 0.7272198959439823
0 0.9380909484159707 0.7607169768222526 0.933657044220441 0.6310252575916395 0.8190493893636012 0.6349434673642002 0.823483293559131 0.7646351865948132