0 0.32873371072574575 0.7654622314774417 0.3264535370680723 0.6538762156697302 0.22201880477500863 0.6560102583971916 0.2242989784326821 0.7675962742049032
0 0.4171875 0.622222221875 0.34062500000000007 0.622222221875 0.34062500000000007 0.746296296875 0.4171875000000001 0.746296296875
0 0.36838971727332803 0.624680055680479 0.3224250748505469 0.6089147436907573 0.2922855733682073 0.696788133658543 0.33825021579098846 0.7125534456482647
0 0.4102059741912193 0.6120474974246162 0.36767176665750717 0.6024773104193555 0.3613365690953049 0.6306337725375621 0.40387077662901705 0.6402039595428228
0 0.5026041671875 0.6348175921875 0.4088541671875 0.6348175921875 0.4088541671875001 0.7638888890625 0.5026041671875001 0.7638888890625
0 0.5174058266650666 0.6397147786814614 0.45226138459801957 0.6095028656134213 0.4299047169880302 0.6577094334878621 0.49504915905507724 0.6879213465559022
0 0.5202839450905363 0.671683169114158 0.49417809213501496 0.6020674829151265 0.46601978826233986 0.612626834988096 0.4921256412178612 0.6822425211871276
0 0.5740935893180183 0.613715083355403 0.5502550038076209 0.5994932004807081 0.5131405816771026 0.6617040436878051 0.5369791671875 0.6759259265625002
0 0.6029623901962609 0.6406810459662257 0.578701155793498 0.6062225101143902 0.5181662749224228 0.6488433266421546 0.5424275093251858 0.68330186249399
0 0.6689473355841269 0.6094515055737368 0.6413226199803097 0.6003871458370498 0.6166117933249925 0.6756963324225597 0.6442365089288098 0.6847606921592468
0 0.6289936451993838 0.762533529437968 0.6250913184689885 0.6363176273354492 0.5354791350342853 0.639088245086153 0.5393814617646806 0.7653041471886719
0 0.7076396631634821 0.6257620290046388 0.6565627383074715 0.6058463817277069 0.6185544522268531 0.7033248289531776 0.6696313770828639 0.7232404762301095
0 0.7875000000000001 0.6305555562500003 0.6729166671875 0.6305555562500001 0.6729166671875001 0.7611111109375001 0.7875000000000002 0.7611111109375002
0 0.7825143674554103 0.635383144640681 0.7371875018642245 0.5950925927269669 0.7082219815632433 0.6276787992468742 0.753548847154429 0.6679693511605882
0 0.855673072616516 0.7072079811781665 0.8269494763468019 0.6050796077686152 0.7576885384622536 0.6245592406134428 0.7864121347319678 0.7266876140229941
0 0.9345492009894283 0.7547283539755577 0.9256578676839613 0.6296939598308021 0.816571121776479 0.6374512383277036 0.8254624550819459 0.7624856324724592