0 0.32806163308952657 0.7665326699279402 0.3270103744137337 0.6689626265108617 0.22612215265252197 0.6700496365674056 0.22717341132831487 0.7676196799844841
0 0.41770833281249997 0.6453703703125 0.3390625000000001 0.6453703703125 0.3390625000000001 0.747222221875 0.4177083328125001 0.747222221875
0 0.3743257437278634 0.6399920472517129 0.33684594226870435 0.6192290896368828 0.2962427138587508 0.692523124505932 0.3337225153179099 0.7132860821207622
0 0.4105882347089101 0.6248066438604564 0.3634068625527682 0.6143218964583154 0.3565931381126731 0.6449836621878244 0.40377451026881495 0.6554684095899654
0 0.5018792731300888 0.7637266138629482 0.5004594807573439 0.6607028267918504 0.40927992341614045 0.6619593913556628 0.41069971578888537 0.7649831784267607
0 0.5113578371015083 0.6372048212631947 0.43967743743076715 0.6220847377845274 0.42808400377454436 0.6770462040493631 0.4997644034452855 0.6921662875280304
0 0.5208674850455972 0.6761868177697528 0.49548411965184247 0.611318211502024 0.4689335718986386 0.6217075553433637 0.49431693729239334 0.6865761616110924
0 0.5782940324751922 0.6285394758555944 0.5585434503024641 0.606604935541502 0.5166544325945961 0.6443231860508398 0.5364050147673242 0.6662577263649323
0 0.6017808488091438 0.6646924081709612 0.5816819203170048 0.620563912342322 0.5163594043203611 0.6503159479213608 0.5364583328125001 0.69444444375
0 0.6244791671875001 0.659259259375 0.534375 0.659259259375 0.5343750000000002 0.7648148140625 0.6244791671875002 0.7648148140625
0 0.6770833328124999 0.6222222218749999 0.6556833277028586 0.6036844681619953 0.6144627597131607 0.6512695412651632 0.635862764822802 0.6698072949781678
0 0.7106486734053017 0.6384876542393289 0.6587993879125993 0.6146251992824454 0.6209940642482366 0.6967701011108349 0.672843349740939 0.7206325560677184
0 0.7850560900055473 0.7628561250023116 0.7701620358990384 0.64370370332078 0.6740936601505176 0.6557122514151463 0.6889877142570265 0.774864673096678
0 0.7748822637194077 0.6190417975373429 0.7137083590120017 0.6052776676017635 0.7021418924192504 0.6566841806511177 0.7633157971266564 0.670448310586697
0 0.8511775236872918 0.7259248542320874 0.831017455115863 0.6196119984389281 0.7582646881447839 0.6334080794486578 0.7784247567162126 0.739720935241817
0 0.9422581304743218 0.7580099418484637 0.9409665723543238 0.6454022949524004 0.8223803962022188 0.6467624240639708 0.8236719543222168 0.7593700709600341