0 0.3305038181069134 0.7652683971339915 0.32712528343557545 0.6588445682898251 0.22223301466740503 0.6621744820002919 0.225611549338743 0.7685983108444584
0 0.4284836475498615 0.6507412391467573 0.3573113760645647 0.6296119718314818 0.32606449359617 0.7348646324621682 0.3972367650814668 0.7559938997774437
0 0.3725467091724429 0.632127363140869 0.3320750163825314 0.6134161356303146 0.2944415638539022 0.6948159010119961 0.3349132566438137 0.7135271285225506
0 0.40837058085858907 0.6162561628924962 0.3618935665421589 0.6105578327221678 0.35821048568356983 0.6405979667046717 0.4046875000000001 0.6462962968750001
0 0.5045786380001089 0.7627654933247324 0.503012570935436 0.6438423573607844 0.4086117878660092 0.6450854960994836 0.41017785493068215 0.7640086320634316
0 0.5174347796521476 0.6504863050203934 0.4545267620888612 0.6151005597376715 0.42627194950794617 0.6653313583795036 0.48917996707123235 0.7007171036622256
0 0.6250498698067383 0.76432498667173 0.6213447321774612 0.6496972754395329 0.5315260231137968 0.6526005060387268 0.5352311607430738 0.7672282172709237
0 0.60031718599078 0.6532567597492838 0.5785563238544442 0.6124551445187049 0.5127432949721228 0.6475554276861601 0.5345041571084586 0.6883570429167392
0 0.5203957380211265 0.6738330798505965 0.49517218492877024 0.6065702684513686 0.46229547222000694 0.6188990351392439 0.48751902531236324 0.6861618465384718
0 0.680363024413513 0.6200439491716292 0.6557803241532991 0.5981960732979859 0.611875632552286 0.6475965678763568 0.6364583328125 0.66944444375
0 0.7089298481422441 0.6354237243467656 0.6633092377358689 0.6110669573647297 0.6206758286198117 0.6909200080185273 0.6662964390261868 0.7152767750005632
0 0.7887598420343555 0.75995222565286 0.780808039568166 0.6369477642709875 0.6714230046123666 0.6440191190897806 0.6793748070785561 0.7670235804716531
0 0.781019115704445 0.6225825712911262 0.7228253894975892 0.5967186900672812 0.703839132824656 0.6394377627754844 0.762032859031512 0.6653016439993292
0 0.8578362813266441 0.7014523116177692 0.823263890612157 0.6092592593407536 0.7555317732538349 0.6346588004926761 0.7901041639683218 0.7268518527696917
0 0.9435057272711832 0.7548084337961487 0.9195815941680511 0.6292066845397113 0.8092200076523298 0.6502279306680938 0.833144140755462 0.7758296799245311
0 0.5778391627958774 0.6202178796987632 0.5511130888098805 0.6031947462526317 0.5085297075014694 0.6700500407272895 0.5352557814874664 0.687073174173421