0 0.32923519610196483 0.7654413411665048 0.32695610938066777 0.6539085173160223 0.22167924609120293 0.6560597683370175 0.22395833281250002 0.7675925921875
0 0.41770833281249997 0.6231481484375 0.3411458328125001 0.6231481484375 0.3411458328125001 0.746296296875 0.4177083328125001 0.746296296875
0 0.37015314251891757 0.6242935607406406 0.3229117934159856 0.6077662901183495 0.2911496965434999 0.6985546810684242 0.3383910456464319 0.7150819516907152
0 0.4073172473480347 0.6085667108436341 0.36388699506690086 0.6053496529073797 0.3617780805313663 0.6338199795637458 0.40520833281250007 0.6370370375000001
0 0.5052083328125 0.6388888890625 0.409375 0.6388888890625 0.4093750000000001 0.7638888890625 0.5052083328125001 0.7638888890625
0 0.5170159559561265 0.6400162914340004 0.4521172919824825 0.6087258630434781 0.4300579442421736 0.6544785826486115 0.49495660821581755 0.6857690110391339
0 0.5267393635304886 0.6629681616481965 0.4878199114878565 0.6006970453854865 0.46264304795736794 0.6164325868622903 0.5015625 0.6787037031250003
0 0.5753060081506887 0.6124189466743939 0.5484019529911616 0.5972854164065009 0.510075112027973 0.6654220259821071 0.5369791671875002 0.6805555562500001
0 0.6041454590769467 0.6420690482089811 0.5781254131792984 0.6052907135515432 0.5186101209502567 0.6473967700066698 0.544630166847905 0.6841751046641077
0 0.629373837824889 0.6426235076175987 0.541060529112998 0.6393117618940488 0.536382541946059 0.7640582126515387 0.6246958506579501 0.7673699583750885
0 0.6674335128670327 0.6096993881651207 0.6446522496103952 0.5993257774031449 0.6157604039308626 0.6627745376755243 0.6385416671875 0.6731481484375001
0 0.7090501443940533 0.6246974169091224 0.6640138804989503 0.6066024900328912 0.6253966408096061 0.7027165119046384 0.6704329047047091 0.7208114387808696
0 0.7952292605260513 0.6350123529314015 0.6781263633241909 0.6287037750076248 0.6712023396176843 0.7572308766972655 0.7883052368195447 0.7635394546210422
0 0.7885553317565516 0.6314911958911034 0.7341872654705192 0.5928294659063769 0.7080366187415785 0.6296038186149426 0.7624046850276109 0.6682655485996691
0 0.8593402807174476 0.7040624960781247 0.8260590251100256 0.6042187479765626 0.7572916652929689 0.6271412055468751 0.7905729209003909 0.7269849536484372
0 0.9416666671874999 0.6342592593750002 0.821875 0.6342592593750002 0.821875 0.7574074078125002 0.9416666671874999 0.7574074078125002