0 0.3283810522747324 0.7655039493938004 0.3255379362413392 0.6748796382235982 0.22548912160011855 0.6780184249945587 0.2283322376335118 0.7686427361647609
0 0.4171875 0.6509259265625 0.3390625000000001 0.6509259265625 0.3390625000000001 0.7490740734375 0.4171875000000001 0.7490740734375
0 0.3744297107195632 0.6445323671765196 0.3384257538370158 0.6242801409766787 0.2980758522353627 0.6960132977736512 0.33407980911791013 0.7162655239734922
0 0.41146736502041914 0.6531315859453432 0.38290868945214596 0.6130492316599466 0.35623925802275747 0.6320512003157577 0.3847979335910307 0.6721335546011542
0 0.5010416671875001 0.6638888890625 0.41093750000000007 0.6638888890625 0.4109375000000002 0.7638888890625 0.5010416671875002 0.7638888890625
0 0.5110846722628202 0.6424014588295215 0.44108665456249535 0.6266519050438178 0.4279186494871752 0.6851763727767964 0.49791666718750005 0.7009259265625001
0 0.5221058975284603 0.6762862599432242 0.49461446704899925 0.6144305993541366 0.46826675085822184 0.6261407064171449 0.49575818133768285 0.6879963670062326
0 0.6244791671875001 0.6601851859375001 0.5348958328125 0.6601851859375001 0.5348958328125001 0.7638888890625 0.6244791671875002 0.7638888890625
0 0.6025651848870461 0.66739685631296 0.5779885748935337 0.6241048360861893 0.5124025571939874 0.6613376094607293 0.5369791671874999 0.7046296296875
0 0.5809442156406625 0.6377945647689124 0.560328018709953 0.6114671241828289 0.5163629702567906 0.6458947812889164 0.5369791671875 0.672222221875
0 0.6788485100358744 0.6279389968619511 0.6549609019467296 0.6070691048678192 0.6146540590983555 0.6532041814433682 0.6385416671875002 0.6740740734375001
0 0.7118075489628013 0.6419569322648001 0.6578939505937947 0.6172465324507388 0.6200776137556147 0.6997549018588507 0.6739912121246212 0.724465301672912
0 0.7776041671875001 0.65648148125 0.6822916671875 0.6564814812499999 0.6822916671875001 0.7648148140625001 0.7776041671875003 0.7648148140625002
0 0.7787801040645336 0.6275915195569347 0.7176818372772706 0.6079527951550423 0.7011952069688996 0.6592445448832869 0.7622934737561626 0.6788832692851792
0 0.8469109049581023 0.6475053570635078 0.7822541633631307 0.6208935880947022 0.7490037969699357 0.7016796624944538 0.8136605385649073 0.7282914314632595
0 0.9332340400744215 0.7555848312856902 0.9267893957348221 0.6477377639058078 0.8193377406692728 0.6541587794922543 0.8257823850088719 0.7620058468721367