0 0.33016840562300276 0.6584721724508553 0.22711887626001204 0.654607813215869 0.22284951442148873 0.7684574067414826 0.3258990437844794 0.7723217659764688
0 0.42696759360556735 0.6428240752615111 0.35523556755051305 0.6248910673067022 0.3275735282647986 0.7355392155581901 0.3993055543198529 0.7534722235129989
0 0.37183712627031545 0.6276610995525059 0.3284932706702457 0.610289695142433 0.2942666443989349 0.6956894654638831 0.3376104999990047 0.713060869873956
0 0.41188701719712845 0.6162655402275209 0.3664694162632353 0.6052552108516347 0.359771911154289 0.6328824147168555 0.4051895120881821 0.6438927440927416
0 0.5062500000000001 0.64351851875 0.40833333281249995 0.64351851875 0.40833333281250006 0.7629629625 0.5062500000000002 0.7629629625
0 0.5163039231183485 0.6396949767888792 0.4508153535681383 0.6102251282271223 0.42830258174744384 0.6602535231833416 0.4937911512976541 0.6897233717450987
0 0.5255633554460092 0.6681801172173657 0.4921842877944961 0.6034449449528558 0.4675319764544062 0.6161562908750502 0.5009110441059192 0.6808914631395601
0 0.5766837445435583 0.6155661994868288 0.5495390574946573 0.6000852454872652 0.509834480138599 0.6697042319379365 0.5369791671875002 0.6851851859375001
0 0.6008662256675171 0.64562738295204 0.5755218793006002 0.6070313444044406 0.5123084249997906 0.6485408811635865 0.5376527713667075 0.687136919711186
0 0.6273658410625604 0.7627583289638886 0.6253058461317101 0.6445662010634386 0.5343651587308582 0.6461512250272308 0.5364251536617086 0.7643433529276809
0 0.6653510821502947 0.6111105792594336 0.6421916331437629 0.6021972381397787 0.6172073493306113 0.6671136638849425 0.640366798337143 0.6760270050045974
0 0.7089914150263238 0.629403261291115 0.6580741192350641 0.6068996351266904 0.6186431967443499 0.6961170763120533 0.6695604925356096 0.7186207024764778
0 0.7875000000000001 0.6351851859375002 0.6739583328125 0.6351851859375002 0.6739583328125001 0.7620370375000001 0.7875000000000002 0.7620370375000002
0 0.7815217847890844 0.6199978770028661 0.7242625993474073 0.5942312503178531 0.7055613303714825 0.6357896367289853 0.7628205158131596 0.6615562634139982
0 0.847317235360247 0.627144647227413 0.7786405611673061 0.607035551908201 0.7487694393507184 0.7090515435881215 0.8174461135436593 0.7291606389073334
0 0.9381501870363357 0.7595947023065079 0.9335162456323338 0.6318716710986885 0.8191001873894642 0.6360228199131229 0.823734128793466 0.7637458511209424