0 0.32967275374255606 0.7663439746522193 0.3273793118196437 0.6553987049411647 0.22083434918850778 0.6576011844575044 0.22312779111142014 0.7685464541685589
0 0.42521516247654023 0.639255799303172 0.3517222386981435 0.626298557847664 0.33187930271275073 0.7388468488493849 0.40537222649114746 0.751804090304893
0 0.37127590656912374 0.6257769327351225 0.32562780245532874 0.6093807383412263 0.2933729503251853 0.6991804084866335 0.3390210544389803 0.7155766028805297
0 0.4077451308609664 0.6111355415362411 0.3634254137462944 0.6087479457067742 0.3617735352632573 0.6394109189673547 0.4060932523779293 0.6417985147968216
0 0.503691819545627 0.7617885083391097 0.5020110541909508 0.6417187141900577 0.41003599671199 0.6430062027811774 0.41171676206666624 0.7630759969302294
0 0.49225639109219 0.6472643030139683 0.48006984990335094 0.6123664807311024 0.41125095881116086 0.6363984745921342 0.4234375 0.671296296875
0 0.5197048932088784 0.6745525572523231 0.49567983003751126 0.6019434925012288 0.4652492159850777 0.61201244776817 0.4892742791564448 0.6846215125192644
0 0.5745254624999999 0.6126388890625001 0.5485995375000001 0.5996759265625002 0.5129166675000001 0.6710416665625001 0.5388425925 0.6840046290625
0 0.6033826228939463 0.6459265985859289 0.5816509382053574 0.6066613957205853 0.5181082778394336 0.6418296607129238 0.5398399625280221 0.6810948635782677
0 0.6265625 0.6416666671875 0.5364583328125001 0.6416666671875 0.5364583328125001 0.765740740625 0.6265625000000001 0.765740740625
0 0.664003846776777 0.6096156367806012 0.6423654450476404 0.6011891439048743 0.6169032654583633 0.6665735071242731 0.6385416671875 0.675
0 0.7097666785039121 0.627200201537019 0.663048766012591 0.6074137920971875 0.6251570875086789 0.6968802577476688 0.6718750000000001 0.7166666671875003
0 0.7885416671875001 0.63148148125 0.6729166671875 0.63148148125 0.6729166671875001 0.7611111109375001 0.7885416671875002 0.7611111109375002
0 0.7829644856898765 0.6230440230198468 0.7268682736115271 0.5931260410008785 0.7056841118094551 0.6328463414007406 0.7617803238878047 0.6627643234197088
0 0.8436670599624883 0.618922402347241 0.7717555928050602 0.6109166325748029 0.7574113749934648 0.7397629243591084 0.8293228421508928 0.7477686941315466
0 0.9344133176362973 0.759321550343094 0.9291916953026835 0.6315549589039509 0.818770251548884 0.636067711966549 0.823991873882498 0.7638343034056921