0 0.32877131872576154 0.7654508201407826 0.3264909276818563 0.6538541659926895 0.22167794176859473 0.6559959380394069 0.22395833281250002 0.7675925921875
0 0.3701456719332138 0.6238686320292274 0.3229000034840063 0.6080497695794944 0.2925030469424855 0.6988353450397511 0.339748715391693 0.7146542074894842
0 0.40633876425030674 0.6091719254109618 0.36421645003431136 0.6066757907683734 0.36256518578400476 0.6345409028574118 0.4046875000000001 0.6370370375000002
0 0.4258571566860784 0.6382351595530338 0.35256382696353167 0.6237574629833127 0.32960162183462555 0.7400036119176308 0.4028949515571723 0.754481308487352
0 0.5041666671875 0.64444444375 0.40989583281249997 0.64444444375 0.4098958328125001 0.7648148140625 0.5041666671875001 0.7648148140625
0 0.5081266291313893 0.6280152759037636 0.44422434536849165 0.6098386305943283 0.4310179624506153 0.6562673315087679 0.494920246213513 0.6744439768182032
0 0.5170456244438916 0.6744955590770874 0.49666902437071914 0.6020454173329437 0.46698576521146345 0.6103938330322874 0.48736236528463595 0.682843974776431
0 0.5741279809976467 0.6137801885517373 0.5506385759943145 0.5981039968938788 0.5134897621841679 0.6537682520921415 0.5369791671875002 0.66944444375
0 0.6034259788524893 0.643738178294609 0.5800727484612993 0.6077074786899621 0.519891029270518 0.6467141471427434 0.543244259661708 0.6827448467473902
0 0.6265625 0.640740740625 0.5369791671875 0.640740740625 0.5369791671875002 0.7675925921875 0.6265625000000001 0.7675925921875
0 0.6639694739137026 0.6087422374329744 0.6415422463234443 0.6000692078331294 0.6166352724097417 0.6644751188376551 0.6390625 0.6731481484375001
0 0.7095082743930198 0.6251342511916758 0.6613275751132615 0.6051802934354676 0.6212261247572207 0.70200899999547 0.669406824036979 0.721962957751678
0 0.791121038160379 0.7612728882015437 0.7836608057470732 0.6242256584831241 0.6699017963107885 0.6304181853313195 0.6773620287240943 0.7674654150497393
0 0.7835392432579715 0.6327421509349322 0.7350299883354773 0.5935427507459818 0.7065132286372642 0.6288322388273342 0.7550224835597583 0.6680316390162846
0 0.8500856166969646 0.6303272455164988 0.7812880517059758 0.6045281583425449 0.745876141268003 0.698959918403851 0.8146737062589917 0.7247590055778048
0 0.9394377167554208 0.7552926565811117 0.9316017915990985 0.6292322113229937 0.816883326381437 0.6363631182911003 0.8247192515377593 0.7624235635492183