0 0.3286021743542879 0.7665100109201372 0.3275106523995682 0.6652030281907311 0.22504016329315105 0.6663070862285593 0.2261316852478707 0.7676140689579654
0 0.430618650656171 0.6563282075716399 0.35852366987782275 0.6329319992484781 0.32522183653236036 0.7355509792884198 0.3973168173107086 0.7589471876115818
0 0.37448509875926983 0.6374226486285062 0.33486233112388714 0.6164654567931995 0.2946555148422835 0.6924825754703592 0.33427828247766617 0.7134397673056659
0 0.4128939772172876 0.6239268783040564 0.3653416782321115 0.610400892609558 0.3565699093032994 0.6412391463348603 0.40412220828847545 0.6547651320293586
0 0.5006783242997761 0.7637660873625994 0.49927906980115255 0.6551488482897049 0.4101359382910014 0.6562972288677018 0.411535192789625 0.7649144679405964
0 0.5170802455895009 0.6621202878586769 0.45800704827576233 0.6197087647280568 0.42516660711153753 0.6654508111711811 0.484239804425276 0.7078623343018015
0 0.5280855162139436 0.6660265379485754 0.49020005738304606 0.6070936114607655 0.4607701567760195 0.6260128363201577 0.498655615606917 0.6849457628079676
0 0.5774936718293278 0.6244459574147943 0.5581391678193481 0.6054571631508544 0.5171771321008585 0.6472080965461349 0.5365316361108381 0.6661968908100747
0 0.6008802206083149 0.6597862455322943 0.5786168920835195 0.6187382332711918 0.5145862370501856 0.6534667238884053 0.536849565574981 0.6945147361495076
0 0.6244090761295161 0.7628437552789447 0.6228706028510063 0.6494775826426074 0.532958914220884 0.6506977590600196 0.5344973874993939 0.7640639316963569
0 0.6798430874591078 0.6229905508065354 0.6576819069539942 0.6011120381378019 0.6127346523073862 0.6466400060812665 0.6348958328124998 0.6685185187499999
0 0.7076002686981062 0.6388975520598729 0.6583972194048568 0.6167561801546778 0.6217742988857127 0.6981404489923013 0.670977348178962 0.7202818208974964
0 0.7880568698625835 0.7613673632621184 0.7709082713667645 0.6394217889635398 0.672081361889562 0.6533193248188197 0.6892299603853809 0.7752648991173983
0 0.78185738079474 0.6304016902364863 0.7264666763303612 0.5992444224804665 0.7014821340938548 0.643661391453387 0.7568728385582336 0.6748186592094069
0 0.8478751318556424 0.7123804513451983 0.8326021898015009 0.6178791076193624 0.7597158180854209 0.6296587214096789 0.7749887601395623 0.7241600651355149
0 0.935002324700506 0.7554759042523608 0.9316296331799585 0.6406989761126948 0.8203412588654329 0.6439691573457156 0.8237139503859805 0.7587460854853816