0 0.3286458328125001 0.659259259375 0.2239583328125001 0.659259259375 0.2239583328125001 0.7675925921875 0.3286458328125001 0.7675925921875
0 0.4249357974372213 0.6420090858071413 0.3513089624430893 0.6282040533397862 0.3307835418256838 0.7376729561153847 0.40441037681981573 0.7514779885827398
0 0.3724375517112083 0.6295183997859877 0.33047953349756093 0.6111962714410936 0.29388226163148323 0.6950047117391677 0.33584027984513065 0.7133268400840616
0 0.41268471020092823 0.6205545219285717 0.3689290565727035 0.6043487240859159 0.3588642188929005 0.6315237854816959 0.4026198725211253 0.6477295833243515
0 0.5087297242604992 0.6493935624058269 0.41223371406837633 0.6455164884907476 0.40749752424158103 0.7633949276973724 0.503993534433704 0.7672720016124517
0 0.6295385408411875 0.6433249320437572 0.5373939991552174 0.6405232425812777 0.5336199283714161 0.7646483561318737 0.6257644700573863 0.7674500455943531
0 0.5101411865532691 0.6304089846418479 0.44412222496346054 0.612352517947085 0.4321600155384404 0.6560893496268234 0.49817897712824905 0.6741458163215863
0 0.5307520704911086 0.657568773059414 0.4870414539687351 0.6020632196459138 0.45785188347762656 0.6250500028365 0.5015625000000001 0.6805555562500002
0 0.6003245213737298 0.649142783629622 0.5756808427347911 0.6098669216342506 0.5113869722618073 0.6502081745538298 0.536030650900746 0.6894840365492012
0 0.5760973048658302 0.6165677545290482 0.5491932488406024 0.6014342231314685 0.5093440895121577 0.6722771735945825 0.5362481455373855 0.6874107049921621
0 0.6647167552059392 0.6132925450322144 0.6426462167083049 0.6039306569411966 0.6164711286898658 0.6656381119089824 0.6385416671875 0.6750000000000002
0 0.7082845300927416 0.6313222824860392 0.6588446609025236 0.6084199907299677 0.6243037786141772 0.6829844369539075 0.6737436478043952 0.7058867287099789
0 0.7930943145627283 0.6411829570459072 0.6781519202483911 0.6355607720570001 0.672187111971598 0.7575079058338711 0.7871295062859351 0.7631300908227783
0 0.7804795998432277 0.6194187318571085 0.7226695843447504 0.5950301277579688 0.7052064986861497 0.6364241021105459 0.763016514184627 0.6608127062096856
0 0.8588456806007875 0.7018277061776927 0.8253958069004291 0.6066814125892861 0.7565599131642676 0.6308815349974851 0.7900097868646258 0.7260278285858918
0 0.9585783031209573 0.7524202940798834 0.899308789363069 0.6200976556361648 0.7972532572754959 0.6658100283206453 0.8565227710333841 0.7981326667643639