0 0.32897933327410256 0.7665134165023317 0.32785271429458085 0.6606815415490755 0.22522075204091255 0.6617740962886718 0.22634737102043428 0.767605971241928
0 0.42737939640736855 0.6487674649699299 0.35495781932963355 0.6300962751404582 0.32764484311891284 0.7360375049138699 0.4000664201966478 0.7547086947433416
0 0.372371904136336 0.6345594805916231 0.33373051725589076 0.6151735146039199 0.29526407662111576 0.6918473628622352 0.33390546350156103 0.7112333288499385
0 0.41068705041481957 0.6187799072418986 0.3634403185842118 0.6088138002914012 0.35716493611448036 0.6385637632563383 0.4044116679450881 0.6485298702068356
0 0.5098958328125 0.652777778125 0.4098958328125001 0.652777778125 0.40989583281250014 0.7648148140625 0.5098958328125001 0.7648148140625
0 0.5169647998496464 0.6650798196266682 0.4641774420779422 0.6181577261448327 0.42693606354111263 0.6600542790660301 0.47972342131281687 0.7069763725478657
0 0.5278463096345439 0.6665983095666906 0.49075906927129864 0.6061598393253451 0.4633106627821781 0.6230031784268314 0.5003979031454234 0.6834416486681769
0 0.5760416671875002 0.6222222218750002 0.5574015513922679 0.6044431982164319 0.5166752337097217 0.6471420152096936 0.5353153495049539 0.6649210388682618
0 0.6014854401045511 0.6582865210346883 0.5796432268167877 0.6132369541042382 0.5130599445349386 0.6455197561841064 0.534902157822702 0.6905693231145565
0 0.6247050575297683 0.7636429779716208 0.6225307879926614 0.6511246055596958 0.5321363570261325 0.65287135903081 0.5343106265632395 0.7653897314427349
0 0.7854166671875001 0.6435185187500001 0.6796875 0.64351851875 0.6796875000000001 0.7620370375000001 0.7854166671875003 0.7620370375000002
0 0.7081111327158334 0.6362773958797543 0.6610451446573791 0.6131646341006315 0.6225078606370105 0.6916405586500847 0.6695738486954648 0.7147533204292075
0 0.6723958328124999 0.6194444437500001 0.6498958969041291 0.6029913663289159 0.614589988961597 0.651272951929178 0.637089924869968 0.6677260293502622
0 0.7801394608348741 0.6208098292277201 0.7210685860302585 0.597550675886879 0.70386465485613 0.6412432062916599 0.7629355296607456 0.664502359632501
0 0.8582222928997301 0.6833991332693257 0.813822968315819 0.6084752771313745 0.7481297584367301 0.6474045888182999 0.7925290830206412 0.722328444956251
0 0.9374115401400702 0.7560488349165267 0.9333079447109263 0.6383269557581902 0.8198029571920904 0.6422835571248816 0.8239065526212345 0.7600054362832183