0 0.3293297051890546 0.7654897390051049 0.3272129043655434 0.6630894837630583 0.22449950605029603 0.6652127578274191 0.22661630687380724 0.7676130130694656
0 0.41770833281249997 0.640740740625 0.33854166718750006 0.640740740625 0.33854166718750006 0.74444444375 0.4177083328125001 0.74444444375
0 0.37294966795995393 0.6353719316197941 0.3346681533191713 0.6161665096436089 0.2957736634052376 0.6936935739763959 0.33405517804602025 0.7128989959525811
0 0.41178809321534615 0.6220414226395935 0.3639668404279969 0.6098963389068259 0.356803130051177 0.6381034400156462 0.4046243828385262 0.6502485237484138
0 0.5015625000000001 0.6537037031249999 0.40989583281249997 0.6537037031249999 0.4098958328125001 0.7638888890625 0.5015625000000001 0.7638888890625
0 0.5176565723571926 0.6535146689375886 0.45247713084024654 0.6182484958749253 0.42577098804149555 0.6676071679826535 0.4909504295584416 0.7028733410453168
0 0.5223421192447599 0.6732661620107863 0.49438292730130434 0.607864549496464 0.46840194876571306 0.6189714188507375 0.4963611407091687 0.6843730313650597
0 0.5768789307916633 0.6209983434167017 0.5513299300862741 0.6048582535518355 0.5103443867504968 0.6697364347988894 0.535893387455886 0.6858765246637557
0 0.6007665098315801 0.6562292538480824 0.5775009824797744 0.6143513055122167 0.5128832545846537 0.650250044000987 0.5361487819364594 0.6921279923368526
0 0.6239583328125 0.6537037031249999 0.5328125 0.6537037031249999 0.5328125000000001 0.7638888890625 0.6239583328125 0.7638888890625
0 0.6787712600367731 0.6220867392992718 0.6557911028495288 0.6008121413380866 0.6130776003501206 0.6469499345525566 0.636057757537365 0.6682245325137418
0 0.7076203253406324 0.6361848759874666 0.656933721833527 0.6142531736983068 0.6212235230271441 0.696783415272563 0.6719101265342494 0.7187151175617229
0 0.7848958328125001 0.6444444437500001 0.6796875 0.64444444375 0.6796875000000001 0.7638888890625001 0.7848958328125002 0.7638888890625002
0 0.7810300933541666 0.6269444481701394 0.7246875027187504 0.5987731475703126 0.7026736099687502 0.6428009248151041 0.7590162006041663 0.6709722254149307
0 0.8577864633611331 0.6927528528896092 0.8176441335855689 0.6104096239632464 0.7502845129069453 0.6432474436855736 0.7904268426825094 0.7255906726119365
0 0.9376790530845851 0.756674657903861 0.9305554372919156 0.6384754074913407 0.8176285584621323 0.6452812687353093 0.8247521742548019 0.7634805191478297