0 0.32970061554685476 0.7652933398530795 0.3263450383996257 0.655817649109194 0.2199028074642943 0.6590802466338104 0.22325838461152334 0.7685559373776958
0 0.42562057453045793 0.641263593540442 0.35269268020996414 0.62611703106321 0.3296395790982093 0.7371134452109664 0.4025674734187031 0.7522600076881986
0 0.3714453604739876 0.6268890208119147 0.32750027975840157 0.6099924154770319 0.2942958572369404 0.6963512431172562 0.33824093795252647 0.713247848452139
0 0.4120308217476195 0.6176813618554804 0.36716973151659 0.6049208700676186 0.3595675288440049 0.631647355670143 0.4044286190750344 0.6444078474580047
0 0.5049797372405525 0.6424540046760067 0.4115017904313163 0.6405065493982716 0.4089746026914911 0.7618116822150222 0.5024525495007273 0.7637591374927573
0 0.4984375000000001 0.6740740734374999 0.49473987969235783 0.6149120930508614 0.4279867446074211 0.619084160082353 0.43168436491506335 0.6782461404689916
0 0.527279606133329 0.6660896915089664 0.4909310156588308 0.6014699417903071 0.46521390767090215 0.6159358075745527 0.5015624981454003 0.6805555572932119
0 0.5739162479323444 0.6134925214370177 0.5479492210679576 0.6002554233275038 0.5116968421837115 0.6713711987487467 0.5376638690480983 0.6846082968582606
0 0.6014463964073391 0.6455884183059432 0.5771277651903818 0.6085544062905559 0.5130662290714204 0.6506208416371103 0.5373848602883777 0.6876548536524976
0 0.6272044491690416 0.7637019094323731 0.6254277459716341 0.6437745260574446 0.5342059124291075 0.6451259615575563 0.5359826156265151 0.7650533449324849
0 0.6652456695581209 0.6108673965803999 0.6427517105115917 0.6016838750586664 0.6165685409534709 0.6658164784782666 0.6390625000000001 0.6750000000000002
0 0.7080597135605747 0.6282576060100651 0.6592867995545111 0.6080081379922271 0.6225812531814365 0.6964171991696622 0.6713541671875001 0.7166666671875002
0 0.7894981264839941 0.7608763252773362 0.7867306473808624 0.6329575420946466 0.6722009211371598 0.6354353535323474 0.6749684002402915 0.7633541367150369
0 0.7823424956042768 0.6236587402765961 0.7268323696239695 0.5936242783565779 0.7056359504293518 0.6327998062204688 0.7611460764096591 0.6628342681404868
0 0.8509017236211174 0.634234504342249 0.7838860579669741 0.6057528476329544 0.7459903714005668 0.6949191727027952 0.8130060370547101 0.7234008294120897
0 0.9372779537014709 0.7604497146465701 0.9350787513898648 0.6330335195535886 0.8209129847268486 0.635004019596918 0.8231121870384547 0.7624202146898995