0 0.32788556360261073 0.766565087840813 0.326927329048934 0.6754728234116409 0.22721569142332934 0.6765217284660415 0.22817392597700606 0.7676139928952135
0 0.41943801148364884 0.6531611841736537 0.3418480476235798 0.6494331414893473 0.3371034994068237 0.7481791473277869 0.4146934632668927 0.7519071900120932
0 0.37482756904558895 0.6458063779972842 0.3379362606574997 0.6247148309404502 0.29723824553121225 0.6958998901853344 0.33412955391930155 0.7169914372421684
0 0.41351979690916457 0.6319013542288779 0.3653972349278546 0.615449196713673 0.35498670022313533 0.6459000115155267 0.40310926220444526 0.6623521690307317
0 0.5021238186221062 0.6681490552018603 0.413639626918581 0.6653839185080417 0.41060077690557256 0.7626269183606001 0.4990849686090978 0.7653920550544187
0 0.5126715697957147 0.6447603514889606 0.44437594444883677 0.6255522034837192 0.4285953986119628 0.6816608010408751 0.4968910239588407 0.7008689490461167
0 0.5242597068432102 0.6718320683563345 0.4918474894249173 0.6142103525531184 0.46731732147621985 0.628008572994448 0.49972953889451277 0.6856302887976641
0 0.580718609581427 0.6375694960539903 0.561540942210087 0.6126984600583056 0.5174272098003316 0.6467138700641205 0.5366048771716717 0.6715849060598051
0 0.6011414722709724 0.6677386843315246 0.5794626886410731 0.6258715320210709 0.5160712172556139 0.6586955937570105 0.5377500008855132 0.7005627460674642
0 0.6248171101166903 0.7637665431205894 0.6234262573318496 0.6651897534182192 0.5338215682593522 0.6664540158445726 0.5352124210441928 0.7650308055469429
0 0.6854292713554806 0.6367720791403645 0.6625124208899298 0.6064614476303898 0.6138645212878904 0.6432424906210706 0.6367813717534412 0.6735531221310453
0 0.7108048600954742 0.6442577582941629 0.6571561974944686 0.6195123115400607 0.6202936465809762 0.699431117461094 0.6739423091819818 0.724176564215196
0 0.7781379564848987 0.7645107240939587 0.7758511810137523 0.6547457210089525 0.6805029043438338 0.6567321474124208 0.6827896798149802 0.7664971504974271
0 0.7834195214240895 0.640483169680446 0.7279610794912339 0.6076189129293507 0.7008883251816025 0.653304192965179 0.7563467671144581 0.6861684497162744
0 0.8468954921985186 0.6498208857041036 0.7833617939810369 0.6220248932923568 0.7485198466502284 0.7016636316483753 0.8120535448677101 0.7294596240601221
0 0.9293016922838765 0.7543871836305637 0.9249575293039415 0.6493126955832957 0.820739315133473 0.6536214570747684 0.825083478113408 0.7586959451220363