0 0.32912578367889433 0.7664977338453619 0.32798786628444465 0.6615247485943081 0.22501438999127754 0.6626409911167125 0.22615230738572722 0.7676139763677663
0 0.42684463438799575 0.6484258616277161 0.35365170066582 0.6312712666608109 0.32903214873868797 0.7363146813230995 0.4022250824608637 0.7534692762900048
0 0.37219745529313 0.6347825986189267 0.3331159709212924 0.6155858841696202 0.29507741827071154 0.6930263808164152 0.3341589026425491 0.7122230952657217
0 0.412127643010684 0.6439839477145928 0.3817029836510041 0.6063573105198932 0.3578669649197582 0.6256309635608635 0.38829162427943814 0.6632576007555631
0 0.5049437235645995 0.6550326802514276 0.4143329399050143 0.6510088461946859 0.4093787469678931 0.7625699339789145 0.4999895306274783 0.7665937680356562
0 0.5155939499029943 0.6675644062830763 0.46217741417112734 0.6190727980717602 0.4224304892281305 0.6628565189002635 0.47584702495999753 0.7113481271115797
0 0.5214396060414134 0.6725875036253398 0.49525137995404495 0.6079252161815835 0.4638588691035121 0.6206391829171247 0.49004709519088063 0.6853014703608811
0 0.5755208328125 0.6222222218750001 0.557220342776697 0.6040957852405089 0.5150328427766968 0.6466883774280088 0.5333333328124998 0.6648148140625001
0 0.6018110271993934 0.6607585190417221 0.5805890662760808 0.6134070174557762 0.5140153247921908 0.6432439876250423 0.5352372857155034 0.6905954892109882
0 0.6239583328125 0.6546296296875 0.5333333328125 0.6546296296875 0.5333333328125001 0.7638888890625 0.6239583328125001 0.7638888890625
0 0.6815123919217994 0.6229858660096659 0.6570900211574676 0.599174053930595 0.6113588730528567 0.646077794426306 0.6357812438171885 0.6698896065053768
0 0.7068001188400059 0.6345848962867584 0.658232953194233 0.6146053072449258 0.6234611900522662 0.6991298676238004 0.6720283556980389 0.7191094566656331
0 0.7876866428768887 0.6460666366745327 0.6820499581152872 0.6426521209235646 0.6781909865187611 0.7620391719074773 0.7838276712803627 0.7654536876584453
0 0.7802792821326863 0.6213806540263231 0.721298591732725 0.598157010789298 0.7039548392607845 0.6422046429579759 0.7629355296607457 0.665428286195001
0 0.8507975195272758 0.7090277359837689 0.8308621968667745 0.6145195544342248 0.7585584897827852 0.6297711200303111 0.7784938124432865 0.7242793015798552
0 0.9385239092186367 0.7567416881676055 0.9321524022726002 0.6372759454733244 0.8184849812752237 0.6433382085630555 0.8248564882212601 0.7628039512573365