0 0.3290976607321586 0.7665177013382134 0.32800928425520903 0.6642782331830774 0.2250619394966082 0.6653741452649914 0.22615031597355778 0.7676136134201273
0 0.42888952894077315 0.6546005650702166 0.35624102892206394 0.6342080115099099 0.3273933613883814 0.7369778666515308 0.4000418614070906 0.7573704202118374
0 0.3741904133182157 0.636845059637048 0.3349107270846141 0.6163991038536631 0.2953216717507299 0.692455498001955 0.33460135798433144 0.7129014537853399
0 0.4121188768924104 0.6462244087507123 0.3814071761795498 0.606516347286931 0.3567620211918451 0.6255778324388777 0.38747372190470564 0.665285893902659
0 0.5005208328125 0.6555555562500001 0.40989583281249997 0.6555555562500001 0.4098958328125001 0.7648148140625 0.5005208328125001 0.7648148140625
0 0.5165195479224493 0.6603016254593955 0.4582051277038127 0.6194714197306664 0.42534447994565083 0.6664035766430609 0.48365890016428736 0.70723378237179
0 0.5218799557881897 0.6746007135268044 0.49525137995404495 0.6088511427440836 0.4643063103649411 0.6213838957710113 0.4909348861990857 0.6871334665537321
0 0.5781589519544489 0.6228644896379478 0.5520874841274606 0.6048335051550164 0.5109076993605118 0.6643764233295688 0.5369791671875002 0.6824074078125002
0 0.6007566822836672 0.6580865651595398 0.5776631283139256 0.6165181689047562 0.5134483100024176 0.6521930687311672 0.5365418639721594 0.6937614649859508
0 0.6249695612922266 0.7628102826207108 0.6234606249308847 0.6550157162649033 0.5323067295789456 0.656291712187745 0.5338156659402874 0.7640862785435524
0 0.6786809711643044 0.6221860956964685 0.6567572238572046 0.6008618267851247 0.6134929198804003 0.6453423982761564 0.6354166671875001 0.6666666671875002
0 0.7081679639006849 0.6368607279478362 0.657843075578668 0.6146863238363316 0.6223374970588157 0.6952663594862247 0.6726623853808327 0.7174407635977293
0 0.7838541671875001 0.6453703703125002 0.6796875 0.6453703703125001 0.6796875000000001 0.7638888890625001 0.7838541671875002 0.7638888890625002
0 0.7810875764904799 0.6255924142738866 0.7225290159339257 0.5992410689406674 0.7021786224441054 0.6444641774557791 0.7607371830006595 0.6708155227889983
0 0.8469656666542333 0.7131471609021953 0.8341662810190182 0.6181117237486669 0.760812291582371 0.6279910490488112 0.773611677217586 0.7230264862023397
0 0.9354166671874999 0.7546296296875 0.929755841330522 0.6389365135743427 0.8195132055484928 0.6443306492337706 0.8251740314054707 0.760023765346928