0 0.3300318246530427 0.7654394214654239 0.327812339401663 0.6593202656784811 0.22337945994867306 0.6615044824109473 0.22559894520005278 0.7676236381978901
0 0.37314533612175926 0.6334976888953654 0.3329153464427268 0.6140555550832147 0.29507277835628215 0.6923600322694738 0.3353027680353146 0.7118021660816245
0 0.42566769499594237 0.6464377513323226 0.35273519323737695 0.6309567952884086 0.3301531436282628 0.7373433368015346 0.4030856453868282 0.7528242928454486
0 0.4107084677705675 0.6413157164826607 0.3815652221999086 0.6060847738036574 0.3584818185563984 0.6251795027502771 0.3876250641270572 0.6604104454292804
0 0.6272841193000653 0.7614513621024016 0.6160488978599038 0.6476947592403421 0.525574841344445 0.6566304696427833 0.5368100627846065 0.7703870725048427
0 0.5997212984187335 0.6554330689106612 0.5783929762534953 0.6132715448389663 0.5127189740856972 0.6464941644419354 0.5340472962509353 0.6886556885136303
0 0.5775664069104349 0.6206992579071582 0.5516748324743848 0.6036320579948539 0.5094953851317537 0.6676198419403547 0.535386959567804 0.684687041852659
0 0.7893617962663658 0.7598069745514678 0.778312125570592 0.6370329238491431 0.6725231843586823 0.6465539338423733 0.6835728550544561 0.769327984544698
0 0.8516549332250648 0.6390650502142338 0.7829291820985593 0.6102770021979721 0.746281078146399 0.6977670769002147 0.8150068292729044 0.7265551249164763
0 0.7815299025525355 0.6245635778967065 0.7247716825147971 0.5966278969904273 0.7037214005748932 0.6393967322377166 0.7604796206126315 0.6673324131439958
0 0.6820382875861716 0.6196602850820627 0.6526033834915047 0.5986353544869407 0.6091067630928333 0.6595306256548781 0.6385416671875002 0.6805555562500002
0 0.708551471376069 0.6340361175764156 0.6584599350955594 0.6114155558183676 0.6207017131258791 0.695028304516302 0.6707932494063886 0.7176488662743501
0 0.9395833328125001 0.7546296296875 0.9336020505181294 0.6348544539128123 0.8191627861250496 0.6405692737113884 0.8251440684194202 0.7603444494860762
0 0.5206823715181498 0.6735704751739021 0.49496064100152726 0.6063241121301617 0.4629920162575559 0.6185521095032925 0.4887137467741785 0.685798472547033
0 0.5082796308414059 0.6294798390523748 0.4346987112088101 0.6194174833765381 0.4269061876010836 0.6764002686990764 0.5004871072336794 0.6864626243749131
0 0.5035755985874213 0.7636711497751142 0.5019886059148619 0.6503002482509359 0.4089332089469263 0.6516028596895396 0.41052020161948555 0.7649737612137179