0 0.32851175611597305 0.7665071172460014 0.3274344774833985 0.6689459729163469 0.22609844132436555 0.6700649342324941 0.22717571995694014 0.7676260785621485
0 0.42232459867472905 0.6488235505075611 0.3454132080268383 0.6407118027187776 0.33455262517840645 0.7436862235056936 0.4114640158262972 0.751797971294477
0 0.37397651916379243 0.6395205511347584 0.33631797309332156 0.6192861089371942 0.2964303336595744 0.6935214395972569 0.33408887973004525 0.713755881794821
0 0.41044364589137955 0.6491921246264178 0.3826011039092058 0.6104546753857807 0.3569780567895437 0.6288712407282404 0.3848205987717175 0.6676086899688776
0 0.5018768539316705 0.7637278952192129 0.5004636246392951 0.660385398281875 0.4100454671702001 0.6616218846498735 0.41145869646257544 0.7649643815872114
0 0.5085468073787234 0.6327412488995119 0.43627803357899053 0.6225784480583043 0.42793609314548303 0.6818988869471132 0.5002048669452159 0.6920616877883209
0 0.5215053457436735 0.6756010329553673 0.4952074122369582 0.6113171916593918 0.4684780604799526 0.6222519258167196 0.494775993986668 0.686535767112695
0 0.5785101679363533 0.6282789747753141 0.5581944367082463 0.6068173870510951 0.516663435959393 0.6461310044632811 0.5369791671875 0.6675925921875001
0 0.6016779087654622 0.6646983742452637 0.580484114995887 0.6199927155998813 0.5146674517334298 0.6511946893556172 0.5358612455030051 0.6959003480009995
0 0.6254070532184937 0.7628600555558832 0.6240274451597132 0.6596481993925591 0.5341249903069586 0.6608499038849455 0.5355045983657389 0.7640617600482695
0 0.6776041671875002 0.6231481484375001 0.6547861413500555 0.6038954387280361 0.6144472572928759 0.651704485483566 0.6372652831303205 0.67095719519303
0 0.7103451221452235 0.6392598445632294 0.6550223812912552 0.6136002850989073 0.6178349988307332 0.6937773405842675 0.6731577396847015 0.7194369000485897
0 0.7796875000000001 0.6490740734375 0.68125 0.6490740734375 0.6812500000000001 0.7638888890625001 0.7796875000000002 0.7638888890625002
0 0.7739033033586018 0.6178860955740925 0.7125196549894313 0.606376659346854 0.7023696270986041 0.6605101312812389 0.7637532754677746 0.6720195675084775
0 0.8581998649959338 0.7210027383692366 0.8249927841863837 0.6182683271113915 0.7496054191904499 0.6426359590546549 0.7828125 0.7453703703124999
0 0.9329979396817887 0.7550453845134583 0.926723051449636 0.6438621912776269 0.8200863177295261 0.6498804892421063 0.8263612059616788 0.7610636824779377