0 0.32877131872576154 0.7654508201407826 0.32649179723004434 0.6538967195137916 0.22167881131678283 0.656038491560509 0.22395833281250002 0.7675925921875
0 0.4262119294421584 0.6386613379351447 0.35504645255274997 0.6211136870909627 0.3264418046582074 0.737121432329618 0.3976072815476158 0.7546690831738
0 0.36969595314462034 0.6241611390020475 0.3233997576420856 0.607885133281856 0.2915032789611411 0.698612897712628 0.33779947446367575 0.7148889034328196
0 0.4103978990992895 0.6099505762815869 0.3663475986448443 0.6026088581626073 0.36167886673305494 0.6306212443810205 0.40572916718750013 0.6379629625000001
0 0.504021682340133 0.7641616354130842 0.5017173051627305 0.6397251433968442 0.4081879939591623 0.6414571659463673 0.41049237113656484 0.7658936579626074
0 0.49895833281249996 0.615740740625 0.42552083281249997 0.615740740625 0.42552083281249997 0.671296296875 0.49895833281249996 0.671296296875
0 0.5163309137202351 0.6747686980628813 0.4970053063651667 0.6022380252152082 0.4680571671504675 0.6099511809072566 0.4873827745055358 0.6824818537549298
0 0.575368277042706 0.6122366302702928 0.5489182233335933 0.5977717574677698 0.5110499462908874 0.667016608447477 0.5375000000000001 0.6814814812500002
0 0.6277526187644418 0.6423464047806352 0.5400700901492551 0.6406456678604247 0.5376229980275407 0.7668069938341575 0.6253055266427272 0.768507730754368
0 0.6044319520506186 0.6422187606193133 0.5786311427669932 0.6059363727261899 0.5156152632963236 0.6507476649942723 0.541416072579949 0.6870300528873955
0 0.6670083169659924 0.6095552925419344 0.6436661301822894 0.5987930144835589 0.615199480403797 0.6605340188166245 0.6385416671875 0.6712962968750001
0 0.708461693062753 0.6254903453960615 0.6627093624602295 0.6085157446534623 0.6271879777544938 0.7042579751282968 0.6729403083570172 0.7212325758708961
0 0.788900712903889 0.760854741049225 0.785469651172958 0.6305815955977547 0.6717455714803157 0.6335767972286552 0.6751766332112468 0.7638499426801255
0 0.7827870243551588 0.6231338440747729 0.7301520597472269 0.5935843933216616 0.7097032473188257 0.6300088442339954 0.7623382119267577 0.6595582949871067
0 0.8499640802314025 0.6330699241843788 0.783354286855519 0.6045228691157755 0.7435434625950437 0.697414789902042 0.8101532559709271 0.7259618449706451
0 0.9386938514972847 0.7560654081899211 0.9305652238683739 0.6289539961461903 0.8157529405849301 0.6362961087309759 0.8238815682138408 0.7634075207747066