0 0.32911297156636177 0.7665045073866554 0.3279917055589546 0.6624369020065706 0.22502039438562696 0.6635463561016763 0.2261416603930341 0.7676139614817612
0 0.4285643797855001 0.6521269886072195 0.35688623929092333 0.6309064849374594 0.3260143902619543 0.7351847229313655 0.39769253075653105 0.7564052266011256
0 0.37254235705211824 0.6349125525159468 0.33409473426001257 0.6162894855357793 0.29622139792896957 0.6944796005520221 0.33466902072107524 0.7131026675321896
0 0.4135566198027889 0.6415189037957091 0.37946078722050613 0.6058631328123432 0.3571519600333124 0.6271959497983085 0.39124779261559517 0.6628517207816744
0 0.501896941702806 0.762809933691737 0.5004612274413259 0.6521702786736107 0.4082051555036683 0.6533674385722683 0.40964086976514835 0.7640070935903946
0 0.5172311597644288 0.6595873723415254 0.4576667026304563 0.6179867977375487 0.4246791213801477 0.6652190147932624 0.4842435785141202 0.7068195893972391
0 0.5220101772414022 0.6744678051442675 0.49523904951377773 0.6072775287908787 0.46512404750498 0.619276475797063 0.4918951752326045 0.6864667521504518
0 0.5766593483359496 0.6234115639790085 0.5581940559884208 0.6041219283092224 0.5159097076524712 0.6445992533927141 0.534375 0.6638888890625002
0 0.6009537606981243 0.6571406960321279 0.5781765248443668 0.6149358178990174 0.513280691404519 0.6499589661598331 0.5360579272582767 0.6921638442929435
0 0.6254962358798855 0.655635311127512 0.5348348826292036 0.6534180518856715 0.5321227582386443 0.7643139105170588 0.6227841114893262 0.7665311697588992
0 0.67937143211632 0.6219935385359825 0.6556382048373088 0.6007426130626194 0.6134144836761152 0.6478984497408988 0.6371477109551262 0.669149375214262
0 0.7076858107452274 0.6363926426182915 0.6551910082633107 0.6127699817967123 0.6182042626185444 0.6949627509236024 0.6706990651004612 0.7185854117451816
0 0.7870796690175526 0.7629042930845276 0.7819096256129502 0.6393079207231693 0.6754066940196541 0.6437629445117711 0.6805767374242565 0.7673593168731293
0 0.7812873609048674 0.6259822875867362 0.7248959987406747 0.5982271695044237 0.7032529761128665 0.6422003035301195 0.7596443382770592 0.6699554216124322
0 0.8440685088863681 0.6283241871630494 0.7725721899449818 0.6180184156900292 0.7571048086299383 0.7253234176089497 0.8286011275713248 0.7356291890819697
0 0.9335613573685247 0.7551418099087824 0.9288130463239866 0.6389565558837935 0.8195537938998443 0.6434218119901488 0.8243021049443824 0.7596070660151377