0 0.3297856782651746 0.7652907325663681 0.32640174686255635 0.6548899843560421 0.21981774474597446 0.6581569273580217 0.2232016761485927 0.7685576755683478
0 0.41875 0.6324074078125 0.3411458328125001 0.6324074078125 0.3411458328125001 0.74444444375 0.41875000000000007 0.74444444375
0 0.3704407497794516 0.6264687201968878 0.32434090117622294 0.6102998767295119 0.2931524563799924 0.6992229086196661 0.339252304983221 0.7153917520870421
0 0.41322774709393356 0.632357347341575 0.38001541808780126 0.6012814819200042 0.3587661088613257 0.6239916796766488 0.39197843786745795 0.6550675450982196
0 0.505450869832242 0.763282598888783 0.5005154246280958 0.6383541226387588 0.40796896572889674 0.6420102784684404 0.41290441093304286 0.7669387547184645
0 0.5187669851793528 0.640346040557388 0.4518396456752566 0.6093072765613451 0.4280693601596589 0.6605619582559683 0.4949966996637551 0.6916007222520112
0 0.5202381901513926 0.6731649695768245 0.49563587358051253 0.6020915900923453 0.4657976945836685 0.6124201875349258 0.49040001115454857 0.6834935670194049
0 0.573817441166456 0.613143813045005 0.5489815195453582 0.5997556991507265 0.5121432455664021 0.6680933673557217 0.5369791671874999 0.68148148125
0 0.6030276457201421 0.6451744149396769 0.5808372678656623 0.6058925505449986 0.5172012703681923 0.6418406108363246 0.5393916482226722 0.681122475231003
0 0.6276627818348025 0.761831264659499 0.6257628180224414 0.6410646962071762 0.5351602432958057 0.6424901040455657 0.5370602071081668 0.7632566724978886
0 0.6639838196102995 0.6097462607663129 0.6421966036571874 0.6011292466610625 0.6167544512343881 0.6654570593322499 0.6385416671875002 0.6740740734375
0 0.7090022604097926 0.6274991453414998 0.66402206835924 0.605720760981636 0.6252054554770139 0.6858910194059572 0.6701856475275665 0.7076694037658211
0 0.7895833328125 0.6333333328125 0.675 0.6333333328124999 0.675 0.7620370375000001 0.7895833328125001 0.7620370375000002
0 0.7826274403294278 0.6231687899318255 0.7282799143542341 0.5937633675782855 0.7069318512895273 0.6332191658314115 0.761279377264721 0.6626245881849514
0 0.8554410173380351 0.7040120229922164 0.8289772056642158 0.6047727441012873 0.7581604421650099 0.623657217200413 0.7846242538388289 0.7228964960913421
0 0.9403840348265542 0.7603298033776523 0.938080988123312 0.6320789782632934 0.8204272219570757 0.6341917297255283 0.822730268660318 0.7624425548398872