0 0.32927961898589553 0.7654386975360443 0.3269669724478384 0.6529139731375758 0.22200732247815186 0.6550711396841786 0.224319969016209 0.7675958640826472
0 0.4272272050507816 0.6383792615642707 0.35557791497947583 0.620214653917107 0.3259945831371821 0.736904469938273 0.3976438732084879 0.7550690775854367
0 0.36963230831430316 0.6242935602536127 0.3229681787132094 0.6079682284644943 0.2916082813629642 0.6976069771975675 0.3382724109640579 0.713932308986686
0 0.40782226767540886 0.6089098477553265 0.36453491375427155 0.6047501025707099 0.3617303546802618 0.6339350492059899 0.40501770860139913 0.6380947943906065
0 0.5080701120973112 0.6436409228301766 0.4132223096560329 0.6386815570555994 0.40676382079223217 0.762200068023908 0.5016116232335105 0.7671594337984853
0 0.5160767754140766 0.6393604519308034 0.4522849498547815 0.6084310896071349 0.43037665252653845 0.6536169640147353 0.4941684780858336 0.6845463263384037
0 0.5247106452083327 0.6671296326909726 0.49172453895833357 0.6011574078211808 0.468576393750001 0.6127314782552082 0.5015625 0.6787037031250001
0 0.5750532160141869 0.6117144629970082 0.5484296517007935 0.5978398667634817 0.5117048512156258 0.668310031888056 0.5383284155290193 0.6821846281215824
0 0.6048425484391371 0.6410639015948665 0.5770553067552813 0.6055404408316585 0.5160003149368848 0.653299014383162 0.5437875566207406 0.68882247514637
0 0.6270833328125 0.6388888890625 0.540625 0.6388888890625 0.5406250000000001 0.765740740625 0.6270833328125001 0.765740740625
0 0.666205089608938 0.6075776221588596 0.6398928605041634 0.5997878178509863 0.6169169380827254 0.6773953816296269 0.6432291671875 0.6851851859375001
0 0.7087971155216033 0.625333178495462 0.6584066558870538 0.6043135623133589 0.6183983771725455 0.7002256634737867 0.668788836807095 0.7212452796558897
0 0.7890625000000001 0.6314814812500001 0.6739583328125 0.63148148125 0.6739583328125001 0.7611111109375001 0.7890625000000002 0.7611111109375002
0 0.7834949722980282 0.6339399704115095 0.7371551694612406 0.592749041577769 0.7100287355519337 0.6232662849275419 0.7563685383887214 0.6644572137612823
0 0.8432487742401799 0.6183442191795084 0.7705233717822518 0.6101626128603402 0.7593606160145981 0.709387126247182 0.8320860184725263 0.7175687325663502
0 0.9401200962235627 0.7558170756041973 0.9359576922487157 0.6317253888854207 0.8187610790684678 0.6356565116015265 0.8229234830433148 0.759748198320303