0 0.329247805445804 0.7663527591118126 0.32695458599250765 0.6554182513700513 0.22085370404797863 0.657611550925258 0.223146923501275 0.7685460586670193
0 0.42693197165275987 0.6412956291725068 0.35484929264794723 0.624708421740754 0.3291977291172401 0.7361818826933135 0.40128040812205273 0.7527690901250665
0 0.37156979053332195 0.626489328895055 0.3273853419518808 0.6096133245353688 0.29433190108230356 0.6961532440218967 0.3385163496637447 0.713029248381583
0 0.40520833281249996 0.6101851859375 0.3614583328125001 0.6101851859375 0.3614583328125001 0.6416666671875 0.40520833281249996 0.6416666671875
0 0.5057002101996958 0.7640885662365441 0.5033435614925913 0.6408062574638229 0.40745676789506086 0.6426392170377438 0.4098134166021654 0.7659215258104648
0 0.49791666718750005 0.66944444375 0.4959427998990343 0.6165201333234492 0.42146363271153425 0.6192979114484493 0.4234375 0.672222221875
0 0.5288338623509771 0.6630239633496521 0.489280608832323 0.601496689986725 0.462009246481346 0.6190282828870732 0.5015625000000001 0.6805555562500002
0 0.5737398877582527 0.6132240496546878 0.5485487355578783 0.6001876285539494 0.5117880149871258 0.6712228382742615 0.5369791671875002 0.6842592593750001
0 0.6014667393274885 0.645967902183167 0.5791319711601732 0.6096004331111281 0.5156776137643365 0.6485703806440353 0.5380123819316518 0.6849378497160742
0 0.6295056418513967 0.7613657188570278 0.6231891675044711 0.6405630941209238 0.5320021509379543 0.6453310406135875 0.53831862528488 0.7661336653496915
0 0.6662291891533736 0.610611054310118 0.6432161025623453 0.6012737777597484 0.6170910805964719 0.6656627234496305 0.6401041671875002 0.6750000000000002
0 0.7081858326168211 0.6270512599767148 0.6585295345963044 0.6080069410795158 0.6214462556527122 0.7046981570133022 0.6711025536732289 0.7237424759105012
0 0.7885416671875001 0.634259259375 0.6744791671875 0.634259259375 0.6744791671875001 0.7611111109375001 0.7885416671875002 0.7611111109375002
0 0.7816567163255341 0.6200582760646303 0.724722282373549 0.5933702506420293 0.7057939384836777 0.6337507032215489 0.7627283724356628 0.6604387286441498
0 0.85364396458801 0.7079633856929581 0.8307788943727543 0.6069079396662818 0.7594148253174146 0.6230549610684332 0.7822798955326702 0.7241104070951094
0 0.9428406396863043 0.7560499151514356 0.9325584979228247 0.6288084046315485 0.815688144468991 0.6382524731375765 0.8259702862324707 0.7654939836574635