0 0.3273097035050375 0.766600497438165 0.3264080262419898 0.6783487470656065 0.22727083665990766 0.679361641987138 0.22817251392295543 0.7676133923596965
0 0.421943455348713 0.7421534592082428 0.4089572857884125 0.6498073660001242 0.329665928895676 0.6609577132373894 0.3426520984559766 0.753303806445508
0 0.37412384094107093 0.6480339042277609 0.33840360659764157 0.6273034120900693 0.29810122111555004 0.6967475258360271 0.3338214554589794 0.7174780179737186
0 0.4131688557633154 0.6510022717281218 0.3776919484886485 0.6142114018041094 0.3544819893521699 0.6365924319301799 0.38995889662683686 0.6733833018541923
0 0.5014049758742942 0.7637250909224156 0.4999654464087577 0.6689859632326596 0.4102199335164031 0.6703496163858877 0.41165946298193967 0.7650887440756438
0 0.5127077328856627 0.6488907651540263 0.4458772903451754 0.6274095480279601 0.42767581807000726 0.6840363415610811 0.4945062606104946 0.7055175586871474
0 0.5272708094016464 0.6644197260661088 0.4870174945747047 0.6167120910696111 0.46130918517305847 0.6384034759410026 0.5015625000000001 0.6861111109375002
0 0.5812069452362721 0.6352880227762916 0.5571267068799604 0.61223247611289 0.5128989288311882 0.6584259345865984 0.5369791671874999 0.68148148125
0 0.6014712970606165 0.6722144633438007 0.5805205831030079 0.6275135856927374 0.5173932373145653 0.6571005431310384 0.5383439512721739 0.7018014207821017
0 0.624254038606599 0.7627911356630479 0.6229535656834535 0.6698886636232652 0.5343644524495971 0.6711287570300021 0.5356649253727425 0.7640312290697848
0 0.6839674570877512 0.637438621995256 0.6602584890840378 0.6087655898409929 0.6148326991837867 0.646326967845737 0.6385416671875 0.675
0 0.7084964309391557 0.6518094195819227 0.656397487988812 0.6271007301197355 0.6231018142595149 0.6973055626654098 0.6752007572098586 0.722014252127597
0 0.7770833328125001 0.6583333328125002 0.6833333328125 0.6583333328125001 0.6833333328125001 0.7648148140625001 0.7770833328125002 0.7648148140625002
0 0.7827140661227426 0.6411059333048438 0.7269985056789936 0.609590064721248 0.7004312979650116 0.6565570985913048 0.7561468584087606 0.6880729671749005
0 0.8448604802844892 0.7133210989632061 0.8300846692879421 0.6302071687307704 0.756744155892453 0.6432454832622925 0.7715199668890002 0.7263594134947281
0 0.9309228752689169 0.7551918902422632 0.9250514849441739 0.6511581766704551 0.8197083755536403 0.657103465865837 0.8255797658783832 0.7611371794376451