0 0.32897680775951466 0.7655198514518604 0.32694399226075965 0.6666106563142692 0.22510100154172705 0.6687037681800085 0.22713381704048205 0.7676129633175998
0 0.4268762564249977 0.6529967725281682 0.3542103692657472 0.6353463945657541 0.3289629922587379 0.7392888173606177 0.4016288794179884 0.7569391953230319
0 0.3742398649724758 0.6379520141920141 0.33506615947692164 0.6172129938070987 0.29510135071971016 0.692702077639615 0.3342750562152643 0.7134410980245305
0 0.41467799836602204 0.6406430678941766 0.3782650409425084 0.6069813130964747 0.35642506734580265 0.6306062855165637 0.3928380247693163 0.6642680403142657
0 0.5008267028083124 0.7646152535645563 0.4992890154942266 0.6539016579666781 0.4094593794789225 0.6551492905720844 0.41099706679300835 0.7658628861699625
0 0.5173929524253248 0.6665662131594484 0.4619505537682621 0.6201830350530445 0.4239137156465489 0.6656489481036861 0.47935611430361147 0.71203212621009
0 0.5203741426890023 0.6768299376473406 0.49693414361370414 0.6109049006930244 0.46987181343254003 0.6205270567619163 0.493311812507838 0.6864520937162325
0 0.5760416671874999 0.6259259265625001 0.556934033164193 0.607179337595294 0.5174240020875313 0.6474503018428686 0.5365316361108381 0.6661968908100747
0 0.6008506068234141 0.6585435948816257 0.5776551387870887 0.6183139543775357 0.5137836991511746 0.6551407298084101 0.5369791671875 0.6953703703125
0 0.6244791671875001 0.6555555562500001 0.534375 0.6555555562500001 0.534375 0.7638888890625 0.6244791671875001 0.7638888890625
0 0.678125 0.6222222218750002 0.656881334212567 0.6017372584109895 0.613131334212567 0.6471076287234895 0.6343750000000001 0.6675925921875001
0 0.7076522713278487 0.6372506436374386 0.6560175209096573 0.616504538929167 0.6223299472035256 0.7003491683172094 0.673964697621717 0.7210952730254807
0 0.7839278696116596 0.7635091452202771 0.7816516973845482 0.6444367665171289 0.6788828486793184 0.6464012825684814 0.6811590209064298 0.7654736612716296
0 0.7800179686797009 0.624547877841063 0.7210800440307669 0.6008674561056606 0.7028072590524881 0.6463463768871224 0.7617451837014221 0.6700267986225248
0 0.8564524270744517 0.7070572994263686 0.8239915264949674 0.6147240291286076 0.7545182666080158 0.639148210952239 0.7869791671874999 0.73148148125
0 0.9388352510325533 0.7546062098944291 0.9295732438882421 0.6385003304744611 0.8177733159368404 0.6474188429269947 0.8270353230811516 0.7635247223469628