0 0.3292730214576016 0.7654405682347096 0.32699458689760863 0.6539396595330322 0.221679898252507 0.6560916834858227 0.22395833281250002 0.7675925921875
0 0.4275703919317596 0.6400707902155579 0.3552215267416468 0.621696469709737 0.3261248715034597 0.7362645151862427 0.39847373669357256 0.7546388356920637
0 0.3690673007716617 0.6236819564531665 0.32255758065332013 0.6081095062131039 0.2919868620188933 0.6994140565943836 0.3384965821372349 0.7149865068344461
0 0.40520833281249996 0.6074074078125 0.3630208328125001 0.6074074078125 0.3630208328125001 0.6379629625 0.40520833281249996 0.6379629625
0 0.5040052942405667 0.7641381976934081 0.5017139593178722 0.6429837399237157 0.4085836364528322 0.6447450681081737 0.41087497137552675 0.765899525877866
0 0.5129578100276732 0.6381350189994531 0.4507682968237722 0.6092935113899933 0.4297484215214162 0.6546176265632053 0.4919379347253171 0.683459134172665
0 0.5266512719620625 0.6631057491446859 0.4876746535802588 0.6004132003868446 0.4625858816181962 0.6160111543671588 0.5015624999999999 0.6787037031250001
0 0.5746355021601296 0.6116356418569522 0.5478361777116021 0.5973870283447298 0.5107006755514726 0.6672328677377777 0.5375000000000001 0.6814814812500002
0 0.6044043239029354 0.6425696974091517 0.5778938836386173 0.6058095822072274 0.5153757323179209 0.6508960490727113 0.541886172582239 0.6876561642746355
0 0.6270833328125 0.640740740625 0.5385416671875001 0.640740740625 0.5385416671875001 0.7666666671875 0.6270833328125001 0.7666666671875
0 0.6656096346167726 0.6080195565072378 0.6372437440805772 0.601561250721589 0.6191858980498953 0.6808741387802538 0.6475517885860906 0.6873324445659026
0 0.7088422761044828 0.6245687478896429 0.6631801757576609 0.607445459112936 0.6269144774712043 0.7041539814008028 0.6725765778180263 0.7212772701775096
0 0.7960866598838318 0.6357616394511088 0.6788939802736182 0.6284370928554147 0.6709195738644793 0.7560275236320129 0.7881122534746928 0.7633520702277068
0 0.7824636403314751 0.6224335061374993 0.7300953226086562 0.5933399941094754 0.7094830971180804 0.6304419972098613 0.7618514148408994 0.6595355092378851
0 0.8603492861376403 0.6872380591925594 0.8187796901974409 0.601500758066593 0.7525329182870639 0.6336204014947309 0.7941025142272634 0.7193577026206973
0 0.9406185783513508 0.7557294041800146 0.9360174076885072 0.6314978118121892 0.8185602161148623 0.635848078710552 0.8231613867777059 0.7600796710783773