0 0.329735948354463 0.7663289228986276 0.3274128503956077 0.6585226414007637 0.22169699880765048 0.6608006930655687 0.2240200967665058 0.7686069745634325
0 0.4214550648355731 0.6425614858838843 0.3445067358567219 0.6368616105538344 0.33675605498626127 0.7414958186541496 0.4137043839651124 0.7471956939841995
0 0.3722807821291977 0.6302188008080938 0.33099295796144246 0.6119920563054885 0.2944171394313019 0.6948448095247111 0.33570496359905716 0.7130715540273164
0 0.4116933681203464 0.6398295286263924 0.38245616380938874 0.6034454454259761 0.3579518660742849 0.623136395323803 0.3871890703852426 0.6595204785242194
0 0.5074245120931682 0.6500430914131998 0.41240516236262365 0.6465948067664118 0.40816383379247406 0.763466911018184 0.5031831835230186 0.766915195664972
0 0.5162478367511527 0.6498186578479688 0.45294417498488454 0.6142103525554814 0.4266274118308355 0.6609957151219606 0.4899310735971037 0.696604020414448
0 0.5238949447814067 0.6690511127879454 0.4922557511034354 0.6047682938863563 0.4618065103761354 0.6197550265962749 0.49344570405410676 0.684037845497864
0 0.5780183911234352 0.6213421669727655 0.559044555597447 0.6011824672155722 0.5138386644740118 0.6437291893053068 0.5328125 0.6638888890625
0 0.6012213837164366 0.6526970891353429 0.5772966029952566 0.6112888146111456 0.5111550113306249 0.6495039562780951 0.5350797920518048 0.6909122308022924
0 0.6260416671875 0.65 0.5338541671875 0.65 0.5338541671875001 0.7638888890625 0.6260416671875001 0.7638888890625
0 0.680079387938575 0.6192886268740934 0.6546753178513023 0.5978539430058905 0.6114048530412831 0.649137457495846 0.6368089231285559 0.6705721413640489
0 0.7086971697383018 0.6301579965278379 0.6573933282093491 0.6114656167131204 0.6228333216015389 0.7063203714218081 0.6741371631304915 0.7250127512365256
0 0.7885589082286273 0.760890217565566 0.7855311901980104 0.6370900642604943 0.6750900004787923 0.6397910688433535 0.6781177185094093 0.7635912221484251
0 0.7795780797684937 0.6194577825791121 0.7202366501519586 0.596092098297628 0.7033253070505641 0.6390415477673246 0.7626667366670992 0.6624072320488087
0 0.8546111407753111 0.7055296204093608 0.8286429509353674 0.6081489158131264 0.7571094100567078 0.6272245281447733 0.7830775998966514 0.7246052327410079
0 0.9439501127793133 0.757742670729663 0.9397635531292032 0.6345008372197566 0.8197431376770083 0.6385779643949314 0.8239296973271184 0.7618197979048377