0 0.3292198189020094 0.658465254653049 0.22615501480144692 0.6563947584777221 0.2239211470453552 0.7675918451527647 0.3269859511459177 0.7696623413280915
0 0.4248797511619095 0.6393521842669596 0.35081631586349993 0.6265335119595113 0.3315209823295113 0.7380176541920453 0.40558441762792097 0.7508363264994935
0 0.37179029721033086 0.6280786653578033 0.3289907801775541 0.6104035487300041 0.29406377829326524 0.6949777466563336 0.3368632953260419 0.7126528632841328
0 0.407252006716566 0.6106283911083148 0.36201891604380215 0.6076500785637541 0.3599752421397362 0.6386883546429394 0.40520833281250007 0.6416666671875
0 0.5077252638582991 0.6381411775828043 0.4113020372059267 0.6363915590485589 0.40899212864389456 0.7636929292978958 0.505415355296267 0.7654425478321412
0 0.5007562916674753 0.6793634151545574 0.4947232695913839 0.6150111163294507 0.42158139500669656 0.6218681603218553 0.4276144170827879 0.6862204591469621
0 0.5174901015623077 0.6760759182406066 0.49722803471186394 0.6040330150091437 0.4668207957845351 0.6125850510910806 0.48708286263497885 0.6846279543225434
0 0.5766460765824173 0.6176702248979751 0.5535233578010664 0.6011952870752907 0.5131585301546611 0.65784767437841 0.536281248936012 0.6743226122010944
0 0.6015993147984426 0.6477234608578606 0.5772463258713719 0.6094949325060627 0.5126261782604292 0.6506603607107022 0.5369791671874999 0.6888888890625001
0 0.6260416671875 0.6453703703125 0.5348958328125 0.6453703703125 0.5348958328125001 0.7629629625 0.6260416671875001 0.7629629625
0 0.6811647411486472 0.610547185934917 0.6531139595345145 0.5922236916227259 0.6110117183858671 0.6566765056878089 0.6390625 0.675
0 0.7087254416349011 0.6291439049434097 0.6604659130240148 0.6085267013462635 0.6226474612797012 0.6970498924460871 0.6709069898905875 0.7176670960432331
0 0.7882635434680173 0.7618297948470315 0.7862705278382374 0.6342766630019427 0.6732049609776951 0.6360433106622815 0.6751979766074749 0.7635964425073702
0 0.7822530288880869 0.6250686857468948 0.7272579729623211 0.5941339706554911 0.7048976887103924 0.6338855920723169 0.7598927446361581 0.6648203071637205
0 0.8583235459749614 0.7003425234578275 0.8248639114390631 0.6051684657190268 0.7564336170991908 0.6292259945687466 0.7898932516350892 0.7244000523075472
0 0.9412268211281614 0.7568418776268093 0.9344278986633092 0.630636880950552 0.818098841463313 0.6369037662652516 0.8248977639281652 0.7631087629415089