0 0.3281250000000001 0.6555555562500001 0.2239583328125001 0.6555555562500001 0.2239583328125001 0.7675925921875 0.3281250000000001 0.7675925921875
0 0.42453986052931114 0.6378044194267924 0.35071410297026345 0.6258729890816971 0.33207369477857795 0.7412105652279435 0.40589945233762564 0.7531419955730387
0 0.3705866471361964 0.6247801563315565 0.3239011139986685 0.6080390157891519 0.29204552397557126 0.6968737758744524 0.33873105711309914 0.713614916416857
0 0.40806619395540433 0.6090271139068684 0.36508128950535557 0.6047816919084824 0.36222342836245136 0.6337175405016142 0.40520833281250007 0.6379629625000002
0 0.5064418498723249 0.7623288651446984 0.4988347108949416 0.6406146415065661 0.40441188443579773 0.6465160681602626 0.412019023413181 0.768230291798395
0 0.5144011239896588 0.6349998115673673 0.4499589831255609 0.60781327914243 0.428707684503455 0.6581867198573107 0.4931498253675529 0.685373252282248
0 0.5266512719620625 0.6631057491446859 0.48785825866100385 0.6007085228379625 0.46255201053833 0.6164416840396648 0.5013450238393886 0.6788389103463881
0 0.5747849798878193 0.612229173597686 0.5477518226931914 0.5981411222542293 0.5109157819430381 0.6688247431291 0.537948939137666 0.6829127944725568
0 0.6030074163891375 0.6431848644553585 0.5781159608889315 0.6066255390071205 0.5167401092345262 0.6484133526910981 0.5416315647347323 0.6849726781393362
0 0.6270833328125 0.6398148140625 0.5375 0.6398148140625 0.5375000000000001 0.765740740625 0.6270833328125001 0.765740740625
0 0.6656953831153075 0.6100287786075471 0.6436926113707359 0.6001275314462555 0.6165388954429285 0.6604691231512085 0.6385416671875002 0.6703703703125001
0 0.7100273572743558 0.6250750967438693 0.6581652558168757 0.6037447159490251 0.6180644884033125 0.7012446194025881 0.6699265898607927 0.7225750001974323
0 0.7885416671875001 0.634259259375 0.6739583328125 0.634259259375 0.6739583328125001 0.7629629625000001 0.7885416671875002 0.7629629625000002
0 0.7775235638715744 0.611397683158168 0.7179157199590918 0.5946329839732238 0.704809106605842 0.6412342951189316 0.7644169505183245 0.6579989943038759
0 0.8500482389626418 0.7124928539556769 0.8345784400623906 0.6080717126842461 0.7608661907269678 0.6189920460556276 0.7763359896272188 0.7234131873270584
0 0.9348296091293282 0.6361429157204495 0.822631042285703 0.6321984385990282 0.8183491195940255 0.7539954663298765 0.9305476864376505 0.7579399434512978