0 0.328582284536057 0.7665158368820497 0.3275207484552572 0.6679919208588987 0.2251101101693211 0.6690953340400466 0.22617164625012087 0.7676192500631976
0 0.42252481551645965 0.6479275604990824 0.3455819578739957 0.6392714891225062 0.3338450057439386 0.7435999538048975 0.41078786338640255 0.7522560251814737
0 0.37352376099723195 0.6384799123809484 0.33546381629174754 0.6179887105702424 0.29544865524297353 0.692312063146941 0.33350859994845794 0.712803264957647
0 0.41604486922597717 0.6334715860647995 0.37052820497933786 0.607918366510084 0.3548639543871407 0.635820307921169 0.40038061863378005 0.6613735274758843
0 0.5000000000000001 0.659259259375 0.4114583328125 0.659259259375 0.41145833281250005 0.7638888890625 0.5000000000000002 0.7638888890625
0 0.5152215778933368 0.6406069322396754 0.44528901408245947 0.6181286129743918 0.4274548414904463 0.6736127173723292 0.4973874053013236 0.6960910366376127
0 0.5234804451620383 0.6738235122339672 0.49530176911783463 0.6104214435829431 0.46870167642167865 0.6222436981367567 0.49688035246588214 0.6856457667877807
0 0.5769659457474774 0.6264886936372095 0.559720867402596 0.6073304898954293 0.5173661362825747 0.6454557059274666 0.5346112146274561 0.6646139096692468
0 0.6014554691496549 0.6604001728881627 0.5782976608289723 0.6177029634916009 0.5138213588668173 0.6526731609159382 0.5369791671874999 0.6953703703125
0 0.6244791671875001 0.6564814812499999 0.5348958328125 0.6564814812499999 0.5348958328125001 0.7638888890625 0.6244791671875001 0.7638888890625
0 0.68092965765162 0.6247190757684604 0.6590987263874786 0.6022494726943584 0.6130649015483587 0.6469748406758982 0.6348958328125001 0.6694444437500001
0 0.7089121384620396 0.6374308035728331 0.6566490705808347 0.615498981769022 0.6219508483476496 0.6981841120856911 0.6742139162288545 0.7201159338895022
0 0.7829287452502611 0.7644502486902152 0.7806413297268107 0.6460765754468876 0.6790432400835222 0.6480398248843302 0.6813306556069727 0.7664134981276577
0 0.7820026147879858 0.6293032207539705 0.7246503075852475 0.6016512145079356 0.7027259861981717 0.6471238794645134 0.76007829340091 0.6747758857105483
0 0.8502582038817804 0.7085505403686562 0.8295592728899495 0.6173458851459588 0.7578075824415029 0.633629958426135 0.7785065134333339 0.7248346136488324
0 0.9330364284237694 0.7580223204745026 0.9288601691504652 0.6429432359142466 0.8210887979508057 0.6468542957744214 0.8252650572241098 0.7619333803346774