0 0.3275424926474037 0.7665271655103258 0.3257012392839954 0.6779743727275298 0.226400787386238 0.6800390991500287 0.22824204074964632 0.7685918919328248
0 0.4171875 0.6537037031249999 0.3390625000000001 0.6537037031249999 0.3390625000000001 0.7490740734375 0.4171875000000001 0.7490740734375
0 0.3740242161476825 0.648119657101465 0.3379585115387698 0.6275106837292619 0.29847133283499766 0.696613248774565 0.3345370374439104 0.7172222221467683
0 0.4135924522464153 0.6498560046149414 0.376591786071351 0.6142257321130029 0.3541733397717727 0.637506425451769 0.391174005946837 0.6731366979537076
0 0.501902394716017 0.7637136847989401 0.5005392347564862 0.6678664058306987 0.40986673163569 0.6691559690505962 0.41122989159522083 0.7650032480188376
0 0.511794874621342 0.646951571795439 0.4437405767681805 0.6278112943720068 0.42787141602217094 0.6842349588883057 0.49592571387533246 0.7033752363117379
0 0.5247821757858192 0.6700218425987983 0.49127262500690394 0.6164065754265432 0.4670112820335846 0.6315699187652448 0.5005208328124999 0.6851851859375
0 0.5809820993883034 0.6355747787645777 0.5571221217196022 0.6122334974803935 0.5131191895187988 0.6572142749658159 0.5369791671874999 0.6805555562500001
0 0.6027054040047316 0.6702147856242051 0.5756880787218078 0.6267940844704916 0.5099618419045762 0.6676904097837864 0.5369791671874999 0.7111111109375
0 0.6239583328125 0.66944444375 0.5348958328125001 0.66944444375 0.5348958328125002 0.7638888890625 0.6239583328125001 0.7638888890625
0 0.6989583328125 0.6537037031249999 0.6844233015415732 0.6085412873280334 0.6195595891115027 0.6294169661836095 0.6340946203824295 0.6745793819805762
0 0.7087570990194124 0.652136261103504 0.6550089942006789 0.6267618777355015 0.6196444170604694 0.7016712448493868 0.673392521879203 0.7270456282173894
0 0.7783959612599743 0.6601794175716884 0.6843810565216184 0.6580640843568525 0.6820196469603005 0.7630157266789659 0.7760345516986564 0.7651310598938018
0 0.7799480888955659 0.6323744048205509 0.721453521265742 0.6100907588154227 0.7030596812444043 0.6583745862848007 0.7615542488742281 0.6806582322899288
0 0.8467672129907011 0.7123927012733597 0.8256690624456574 0.6266605260853482 0.7548597679822462 0.6440862492902143 0.77595791852729 0.729818424478226
0 0.9354749544962105 0.7550127275182098 0.9297827007730897 0.6506310268156296 0.8198258122059728 0.6566273126024684 0.8255180659290937 0.7610090133050488