0 0.3286458328125001 0.6638888890625 0.22604166718750007 0.6638888890625 0.22604166718750007 0.7675925921875 0.3286458328125001 0.7675925921875
0 0.4315325499414714 0.6571433867200606 0.3605634751202587 0.6315945169101764 0.32392808456788424 0.7333594792182133 0.39489715938909686 0.7589083490280975
0 0.3736353255806761 0.6359352203127164 0.33434711871783274 0.6163257015359107 0.2958682218169012 0.6934192232334423 0.33515642867974454 0.713028742010248
0 0.41299208276607324 0.6232503796549993 0.36424396806100995 0.6095399691808248 0.3559393852949368 0.6390673676508256 0.4046875000000001 0.6527777781250002
0 0.5000000000000001 0.6537037031249999 0.41041666718750014 0.6537037031249999 0.4104166671875002 0.7638888890625 0.5000000000000002 0.7638888890625
0 0.5168097560698919 0.6489391421724363 0.4506872381749945 0.6182736327517467 0.4276237646954346 0.6680042573746592 0.493746282590332 0.6986697667953486
0 0.5225158341687294 0.6736725126724357 0.49491683133480235 0.6091134477045842 0.4677204706877417 0.6207398929597084 0.4953194735216687 0.6852989579275599
0 0.575 0.6231481484375 0.5558957223071019 0.6057154948457177 0.5166672098397361 0.6487056450090383 0.535771487532634 0.6661382986008205
0 0.6005970266545569 0.6593773144729183 0.5793318643123763 0.6162428653579194 0.513727384039813 0.6485856899909884 0.5349925463819937 0.6917201391059873
0 0.6239583328125 0.6546296296875 0.5333333328125001 0.6546296296875 0.5333333328125002 0.7638888890625 0.6239583328125001 0.7638888890625
0 0.6786458328124999 0.6222222218750001 0.6553949631434651 0.6007955567467836 0.6136164936881142 0.6461309247317395 0.636867363357149 0.667557589859956
0 0.7068923289331663 0.6364551110433304 0.6534154611281525 0.6159834976846426 0.6208224897785576 0.7011243212091942 0.6742993575835714 0.7215959345678822
0 0.784375 0.6444444437500001 0.6796875 0.6444444437500001 0.6796875000000001 0.7638888890625001 0.7843750000000002 0.7638888890625002
0 0.7810622728186358 0.6272226706908178 0.7248865727715532 0.5987837228974691 0.7024177343169924 0.6431666142266964 0.758593434364075 0.6716055620200452
0 0.8515595408737446 0.7038367312033144 0.8291216724434461 0.6154876187371938 0.7577513559007942 0.6336134122818304 0.7801892243310927 0.721962524747951
0 0.9334773568520207 0.7545395161938167 0.9273493184114212 0.6384898050291912 0.8191391423597938 0.6442038745589959 0.8252671808003933 0.7602535857236215