0 0.3285194142080908 0.7664965869033079 0.3274291778208392 0.6671486967671069 0.22557411266350308 0.6682664467073237 0.22666434905075467 0.7676143368435248
0 0.42255736258280435 0.6476382532390688 0.34582023395984623 0.6390053263768977 0.334242159735574 0.7419215429902144 0.4109792883585321 0.7505544698523855
0 0.3740850224797555 0.6382444944584609 0.33574887303347634 0.6179488860959643 0.29632178991331953 0.6924222659389753 0.33465793935959864 0.7127178743014719
0 0.41194444480694437 0.6487962966552084 0.3818402783027778 0.608657406728646 0.3567291664600001 0.6274907400221876 0.38683333296416667 0.6676296299487501
0 0.5007586433127499 0.7646121319619105 0.49927013655474717 0.6557649672730749 0.410020050060859 0.6569854800652847 0.4115085568188618 0.7658326447541202
0 0.5168525858589412 0.6617726274975926 0.4578644101619803 0.6202965516848171 0.4240200203209813 0.6684307778664161 0.4830081960179422 0.7099068536791915
0 0.5200475146663575 0.67646848361599 0.49707485752478037 0.6111240376565112 0.46926237459577874 0.6209018638390169 0.49223503173735583 0.6862463097984957
0 0.6271733638906972 0.7634912219621739 0.6213495927108137 0.6553874525443706 0.5314008666699117 0.6602331744022244 0.5372246378497952 0.7683369438200277
0 0.6014211669504893 0.6604323763214877 0.5790833120519997 0.6188979263716037 0.5141204779140104 0.6538359203626161 0.5364583328125 0.6953703703125002
0 0.5781709877711924 0.6286375904943342 0.5592988911345452 0.6076858379892991 0.51736097739718 0.6454610246043913 0.5362330740338271 0.6664127771094264
0 0.6776041671875 0.6222222218750001 0.6549382608783446 0.6030978632860299 0.6141430163262064 0.6514477823997166 0.6368089226353618 0.6705721409886868
0 0.7092094457627687 0.6364904324242645 0.6545214978207031 0.6150058822317688 0.6196597480701996 0.7037448848379656 0.6743476960122651 0.7252294350304614
0 0.7825185176246301 0.7652968373972966 0.7797624801801754 0.6474763145479259 0.6796862706122802 0.6498172800622347 0.682442308056735 0.7676378029116055
0 0.7823648401420968 0.6294778651273683 0.7250729031034867 0.601854965925792 0.7028845939512729 0.6478751610423605 0.760176530989883 0.6754980602439369
0 0.8600243761287162 0.6984921067693112 0.816752661158563 0.6138718748347001 0.743186617842347 0.6514908790028889 0.7864583328124999 0.7361111109375
0 0.9314798488837168 0.7552301796642694 0.9262678353451246 0.6430904333511609 0.8196842084104142 0.6480442104448321 0.8248962219490064 0.7601839567579405