0 0.32822152810381566 0.7664387388671349 0.3262172462525245 0.6739912251588144 0.2262631295748021 0.6761582517664858 0.22826741142609325 0.7686057654748064
0 0.37447966338410305 0.6443580787633179 0.3374104675599341 0.6238225863841815 0.29771452325607684 0.6954788537702994 0.3347837190802458 0.7160143461494359
0 0.41913440202853 0.6513011868862124 0.34163526647349424 0.6479478619524806 0.33730678438381634 0.7479839833677 0.4148059199388521 0.751337308301432
0 0.4146783681367456 0.6506336875678566 0.3792236112903899 0.6116146994704938 0.3559179208860958 0.6327915066280465 0.39137267773245143 0.6718104947254091
0 0.5000000000000001 0.6638888890625 0.41145833281250005 0.6638888890625 0.41145833281250016 0.7638888890625 0.5000000000000002 0.7638888890625
0 0.5079580847687222 0.6359155003679422 0.436249706426152 0.6266072004058889 0.4280120672393569 0.690067526122119 0.49972044558192713 0.6993758260841724
0 0.5184622416409519 0.6798108571619517 0.49710635546813703 0.6147262434020414 0.46854122314930446 0.6240991762516198 0.4898971093221194 0.6891837900115301
0 0.5799353338536339 0.6324667487625246 0.5577669388343833 0.6100779295807784 0.5148107721682496 0.6526111808182541 0.5369791671875002 0.6750000000000002
0 0.6016395487299941 0.6657748091313815 0.5789265792442909 0.6257656150467016 0.5137453633267967 0.6627685840403201 0.5364583328125001 0.7027777781250001
0 0.6272044482209811 0.6657195538970487 0.5383083824290436 0.6618730819668327 0.5339536087342557 0.7625165432747939 0.6228496745261933 0.7663630152050099
0 0.6807365590292103 0.6289811917864329 0.6575410203449951 0.6058515494532248 0.6141946446873854 0.6493214189350831 0.6373901833716007 0.6724510612682911
0 0.7098012363865698 0.6447004031217365 0.6526742983262812 0.6196468508333988 0.616455439183119 0.7022328449899594 0.6735823772434074 0.727286397278297
0 0.7794407030441921 0.7634956967631048 0.7765805565043865 0.6516320761048717 0.6806678794547943 0.6540843864249981 0.6835280259945999 0.7659480070832312
0 0.7842111791822639 0.6382542127093447 0.7272378884093809 0.6062067263486225 0.7009612990261688 0.6529206480146978 0.7579345897990518 0.68496813437542
0 0.8455848714967482 0.6420221698026858 0.7780033632950081 0.6215063534228824 0.7493850863469222 0.7157783181588654 0.8169665945486623 0.7362941345386689
0 0.9298818175832839 0.7552691421781496 0.9251535038606746 0.6488820674613822 0.8204939830996947 0.6535336010196955 0.8252222968223037 0.7599206757364628