0 0.3292730214576016 0.7654405682347096 0.3269952390589127 0.6539715746818376 0.22168055041381107 0.656123598634628 0.22395833281250002 0.7675925921875
0 0.42606893769582765 0.639241248939144 0.3552397506096433 0.6217765188636741 0.32660525134179946 0.7379053280120035 0.39743443842798376 0.7553700580874734
0 0.36913360901309966 0.6235901479499046 0.3224371979258436 0.6077668164530322 0.29149055666823204 0.6990937966291666 0.3381869677554881 0.714917128126039
0 0.40806116250035773 0.6090780573971755 0.36458804996888217 0.6047844173242074 0.36173522028102456 0.6336693224270321 0.40520833281250007 0.6379629625000002
0 0.5062316157302135 0.6393028740284908 0.4121052873334584 0.6351229220344563 0.40645038176124926 0.7624630206054531 0.5005767101580043 0.7666429725994878
0 0.5175202836279977 0.6426921356840005 0.4539677481867135 0.6083062210262218 0.4290476305837106 0.6543639360216711 0.49260016602499485 0.6887498506794497
0 0.5178405332985043 0.6738202925860651 0.49674598509378143 0.6035051398141105 0.4671206043368219 0.6123927550410551 0.48821515254154485 0.6827079078130096
0 0.5752804133031614 0.6109144683985895 0.5463276347262301 0.5972342806919919 0.5116722214230688 0.6705790716684025 0.5406250000000001 0.6842592593750001
0 0.6032763821539946 0.6407746676854678 0.5773303286396748 0.6060718208911453 0.5170672979115614 0.6511282921793319 0.543013351425881 0.6858311389736543
0 0.6276041671875 0.640740740625 0.5390625 0.640740740625 0.5390625000000001 0.7666666671875 0.6276041671875001 0.7666666671875
0 0.6750344782529101 0.6147579610334357 0.6478259512379345 0.5982574773974016 0.6118539729850243 0.6575735898014659 0.6390624999999999 0.6740740734374999
0 0.708160670701233 0.6242260623956366 0.6610993477124251 0.605076109823265 0.6214998364444755 0.7023925591949782 0.6685611594332834 0.72154251176735
0 0.7930101018684325 0.635702425414549 0.6767833612876129 0.6310064002948497 0.6716638459611222 0.7577145342133644 0.7878905865419418 0.7624105593330638
0 0.7832732580147695 0.6255181738860052 0.729983793555806 0.5923602877314215 0.7071197870520066 0.6291060156193045 0.7604092515109702 0.662263901773888
0 0.8596277625871561 0.7021323579597191 0.8244385310772693 0.6031626010388911 0.7564424882749228 0.6273389612358958 0.7916317197848096 0.7263087181567238
0 0.9442840823951814 0.7540835813207011 0.930931027612292 0.6263950109203951 0.8140040221883403 0.6386226731467823 0.8273570769712297 0.7663112435470883