0 0.3291705844438342 0.7665105114311839 0.32805832464017337 0.6588992684413979 0.22336690738383919 0.659981349197714 0.2244791671875 0.7675925921875
0 0.4239195989013741 0.6405071186238823 0.3500245872226673 0.6292249324865273 0.3333069738735537 0.7387203989354146 0.4072019855522604 0.7500025850727696
0 0.37296373983559256 0.6294605315852912 0.33020025806263237 0.6108868361615449 0.29349661566709845 0.695392127476701 0.3362600974400586 0.7139658229004473
0 0.4108700967083694 0.6171146498789739 0.365153185515571 0.6069553381854456 0.359172794490917 0.6338671028423443 0.4048897056837154 0.6440264145358726
0 0.515091107682849 0.6527838031327876 0.4222717456649831 0.6382133221822894 0.4029584049060723 0.7612464584093022 0.4957777669239383 0.7758169393598005
0 0.5178377267522016 0.6490210039059414 0.4546406378661446 0.6132731552989683 0.4276766327694685 0.66094166384486 0.4908737216555255 0.6966895124518331
0 0.5306234822537108 0.6576700362806328 0.48691286573133724 0.6021644828671326 0.45785188347762656 0.6250500028365 0.5015625000000001 0.6805555562500002
0 0.5758172727729363 0.6188012644758227 0.5569874351019461 0.6008412832655579 0.51398266232901 0.6459289078522353 0.5328125000000001 0.6638888890625002
0 0.6009926804754284 0.6529189184473755 0.5789836711951699 0.6104729725088797 0.5124752242934307 0.6449588342964103 0.5344842335736895 0.6874047802349061
0 0.6267579549488563 0.6491823803767819 0.5359156955970785 0.6474203555375669 0.5336856740019599 0.7623904715060174 0.6245279333537377 0.7641524963452323
0 0.6782765420937894 0.6141714843071441 0.6502231717127722 0.5963876516399181 0.6104882968064829 0.659068018895274 0.6385416671874999 0.6768518515624999
0 0.7081927518717943 0.6288796734277884 0.6550378313157245 0.6083671274443909 0.618358667765815 0.7034152031994223 0.6715135883218849 0.7239277491828198
0 0.7914231349866021 0.6414082276676627 0.6777708312501113 0.6379836796252409 0.6741537600647118 0.7580253516669673 0.7878060638012025 0.7614498997093891
0 0.7814340770148769 0.6211187097814348 0.7235685169223973 0.5950792145751885 0.7046084557810024 0.6372126948383274 0.762474015873482 0.6632521900445736
0 0.8530734246167825 0.6381714218870468 0.7852646402579146 0.606662448747329 0.7447927765707998 0.6937597928972643 0.8126015609296676 0.7252687660369821
0 0.9413460373680123 0.756882702418467 0.9381927463432532 0.6336087130445974 0.8199225410644526 0.6366340096111827 0.8230758320892116 0.7599079989850523