0 0.3286458328125001 0.6601851859375001 0.22447916718750008 0.6601851859375001 0.22447916718750008 0.7675925921875 0.3286458328125001 0.7675925921875
0 0.4281304952687128 0.6461538656303519 0.35582283575792445 0.627811112836775 0.32846052812236676 0.7356741171637033 0.40076818763315514 0.7540168699572801
0 0.3731415123956455 0.6304456415626196 0.3306690674521054 0.6115192025616106 0.2934792605731603 0.6949761077429114 0.33595170551670045 0.7139025467439205
0 0.4122701235580248 0.6196849752817732 0.3663014928807547 0.6060646400960316 0.3581468059341983 0.6335867081966334 0.4041154366114684 0.6472070433823751
0 0.5094854038617348 0.6493003173893965 0.4125515022987951 0.645106059825274 0.40743499245953413 0.7633542249706857 0.5043688940224739 0.7675484825348081
0 0.517850898541985 0.6515478431906109 0.45690693892670087 0.6140438718292028 0.428437699212164 0.6603063910360605 0.4893816588274481 0.6978103623974685
0 0.5308163642300698 0.6584440667478476 0.486655688702004 0.6023670097462686 0.4574018244719342 0.6254044242484209 0.5015625000000001 0.68148148125
0 0.5768766470335773 0.620208706046575 0.5606013665872018 0.5999195898601402 0.5165372195536245 0.6352664400635653 0.5328125000000001 0.6555555562500001
0 0.6014128599871187 0.6525578110812728 0.5767766498561593 0.6109842070049489 0.5109248087364402 0.6500075207488702 0.5355610188673996 0.6915811248251941
0 0.6275511300813348 0.7612340243805207 0.6195476981723762 0.6475602650380322 0.5288507628954124 0.6539459669804952 0.536854194804371 0.7676197263229837
0 0.6828124999999999 0.622222221875 0.657366071623216 0.5968751944023224 0.613095238810716 0.6413196397148224 0.6385416671874999 0.6666666671875
0 0.7082766258757444 0.63002186142464 0.6550882546831267 0.6097200501895194 0.6202491288073826 0.7009944856398798 0.6734375000000001 0.7212962968750003
0 0.7907998842834005 0.6413149112116244 0.677932802085995 0.6379734548058249 0.674365032204214 0.7584849107714053 0.7872321144016194 0.761826367177205
0 0.7805467322146693 0.6203295713562492 0.7222496674680526 0.5954561529602456 0.7042686829575199 0.6375990784532235 0.7625657477041365 0.662472496849227
0 0.8536629410729877 0.7067646413429575 0.8300156915110872 0.6103282086598976 0.7582992925639966 0.6279138403179686 0.781946542125897 0.7243502730010285
0 0.939351013446597 0.7569832207316036 0.9339196713797702 0.6332504399384544 0.8194755651328245 0.6382740487555761 0.8249069071996514 0.7620068295487252