0 0.3286753248510933 0.7665165034351167 0.32755988178091633 0.6579698404944108 0.22284288974232305 0.659045929246794 0.22395833281250002 0.7675925921874999
0 0.4249489051000361 0.6395499376148569 0.3508390881099608 0.626522820721158 0.331385178494824 0.737193945658756 0.4054949954848993 0.7502210625524548
0 0.37186195383613185 0.6278582468572739 0.32948333943768826 0.610438191712578 0.2940368003920443 0.6966707092044709 0.33641541479048787 0.7140907643491669
0 0.41384483666583094 0.6364129345527765 0.3796340996646874 0.6023542451256721 0.35806023931844566 0.6240244172555875 0.3922709763195892 0.6580831066826918
0 0.5034223953125 0.654927778125 0.41413697968749996 0.654927778125 0.4141369796875001 0.7692379625 0.5034223953125001 0.7692379625
0 0.51807798591431 0.6341038549983471 0.44283815017874967 0.6135226681888085 0.4275877689519397 0.6692743694404615 0.5028276046875 0.6898555562500002
0 0.5112037978900936 0.6734233814836392 0.4987043381363132 0.6039694653753355 0.45707641909093855 0.6114611451523247 0.46957587884471896 0.6809150612606285
0 0.5761152370418361 0.6139812335587703 0.5579439274287058 0.5982934569830481 0.5167990028868698 0.645952037486778 0.5349703125 0.6616398140625002
0 0.6062824528905435 0.6486044870959556 0.5703017839581206 0.608870191934497 0.5013703732550772 0.6712897782760414 0.5373510421875001 0.7110240734375
0 0.6297418226379156 0.6503593294488603 0.5388362637097215 0.6456030303664964 0.5329496472658808 0.7581119682521433 0.6238552061940748 0.7628682673345073
0 0.7902039088599562 0.7593251810748729 0.7858536101595431 0.6345409098215079 0.6740754805664844 0.6384377811741156 0.6784257792668974 0.7632220524274806
0 0.7118240992205978 0.6156061104585305 0.6595775976115236 0.5991520550044306 0.6265385390523819 0.7040608558157446 0.6787850406614561 0.7205149112698446
0 0.6805235208678765 0.6099399367285828 0.6507950095851773 0.5950123175337261 0.6154501340298009 0.6654020104926432 0.6451786453124999 0.6803296296875001
0 0.7823633157829091 0.6287858195480356 0.7312184510912414 0.5946821994569566 0.7009902021408367 0.6400152080438926 0.7521350668325045 0.6741188281349715
0 0.8446735589038891 0.6209639887975654 0.777238493495332 0.6064637489187177 0.7528507847930772 0.7198816471909006 0.8202858502016344 0.7343818870697483
0 0.9461825736829642 0.7528297110313279 0.9169191032038718 0.6140708750735024 0.8087112905584763 0.6368913038346528 0.8379747610375687 0.7756501397924782