0 0.3281250000000001 0.6564814812499999 0.2239583328125001 0.6564814812499999 0.2239583328125001 0.7675925921875 0.3281250000000001 0.7675925921875
0 0.42442399827167854 0.6382817174044607 0.35133303505095237 0.6256313579111004 0.3317306255704564 0.7388897195512214 0.4048215887911827 0.7515400790445816
0 0.37058496011567366 0.625836193769935 0.32364197441941844 0.6098043259586329 0.29300600395827076 0.6995096516309605 0.33994898965452597 0.7155415194422625
0 0.40928735541578815 0.6123352937983102 0.3633846370180054 0.6068949678776105 0.35987833104885975 0.6364794041529757 0.4057810494466425 0.6419197300736753
0 0.5070536668298116 0.6431323251949622 0.41196720116467506 0.6396816048879905 0.40749508547776936 0.762913173049096 0.5025815511429058 0.7663638933560677
0 0.5127480602026082 0.6547732483658659 0.4626659621822785 0.6113973012216908 0.4271127983286355 0.6524471722742493 0.4771948963489653 0.6958231194184245
0 0.5290069443119443 0.6590462970967709 0.4861111119861111 0.6018518522083334 0.45866666767416675 0.6224351847990626 0.5015624999999999 0.6796296296875
0 0.5745435444710726 0.6126582255568863 0.5477396832747777 0.5989113923513923 0.5120787812208073 0.6684437606067429 0.5388826424171022 0.6821905938122368
0 0.6030957860802459 0.6441271541209911 0.5786521086170968 0.6073377680634116 0.5176686359553158 0.6478565289362974 0.5421123134184649 0.6846459149938771
0 0.6349092412509768 0.6464611010823025 0.5435173296584732 0.6369037701424389 0.5304797824179566 0.7615752262514384 0.6218716940104602 0.771132557191302
0 0.6686897258654826 0.6116586222482848 0.6449754137562321 0.6003715221195176 0.6148273550782496 0.6637128998712329 0.6385416671875 0.675
0 0.7091688162959178 0.6264605058630942 0.6586156523424906 0.6041639753913155 0.6172877206313891 0.6978672405828116 0.6678408845848164 0.7201637710545903
0 0.7882205327328009 0.7600030293553607 0.786165592795985 0.6284867439377874 0.6725214625058368 0.6302624317256265 0.6745764024426528 0.7617787171431998
0 0.7805064128737739 0.6177049165654002 0.7237243843311777 0.5928627810742578 0.7055935030918269 0.6343047986657937 0.762375531634423 0.659146934156936
0 0.8479033418678308 0.6322461113945852 0.7827121223107554 0.6055204743658334 0.7461414027004023 0.6947265729487759 0.8113326222574777 0.7214522099775277
0 0.9348382696302002 0.759324716463791 0.9296652711477608 0.6312929854733604 0.8181615765607461 0.635798184601912 0.8233345750431855 0.7638299155923425