0 0.32925410876382566 0.7654409547009332 0.32697523942941253 0.6539187692227475 0.2216794634780869 0.6560704067093142 0.22395833281250002 0.7675925921875
0 0.42633578465953004 0.6380283231038063 0.35390931551160626 0.6219335501701989 0.32787990052371685 0.7390659029741564 0.4003063696716406 0.7551606759077638
0 0.369394933944876 0.6240025806215073 0.32283333547512766 0.6077891672528263 0.29119952779777986 0.6986349760685753 0.3377611262675282 0.7148483894372564
0 0.40957676411338495 0.609900525589433 0.36633352176495537 0.6026933178556857 0.3616225604466269 0.6309590831157409 0.4048658027950564 0.6381662908494882
0 0.5050734071349633 0.7641005481230516 0.5027306467939137 0.6415447752261154 0.4081859263723939 0.6433520799023744 0.4105286867134435 0.7659078527993106
0 0.5135969741781843 0.6322500691757922 0.4467311260450761 0.608742555130074 0.42951172069905946 0.657722219273629 0.4963775688321677 0.6812297333193472
0 0.5178405332985043 0.6738202925860651 0.49619648182668213 0.6016734624631767 0.468259429478724 0.6100545791104397 0.48990348095054614 0.6822014092333282
0 0.5752199072161459 0.6112499995466582 0.5472106481861979 0.5972453703599176 0.5113657413098959 0.6689351857927518 0.5393750003398439 0.6829398149794923
0 0.6028728956304839 0.6420517295769784 0.5791333585292353 0.6073962450848616 0.519477580020058 0.648261366088858 0.5432171171213065 0.6829168505809748
0 0.6270833328125 0.640740740625 0.5385416671875001 0.640740740625 0.5385416671875001 0.7675925921875 0.6270833328125001 0.7675925921875
0 0.6674979478522429 0.609323704579541 0.6444004514382009 0.5992546392127907 0.6163960793418621 0.6634940557338738 0.6394935757559042 0.6735631211006241
0 0.7093326567405903 0.624720688528974 0.6641179818475395 0.6062815785188093 0.6249453382529475 0.7023371009303812 0.6701600131459984 0.720776210940546
0 0.7906015737349265 0.7608709288882631 0.7879548632747688 0.6291234287780398 0.6711679182322654 0.6314695926809242 0.673814628692423 0.7632170927911475
0 0.7838292992452324 0.6268355617429604 0.7346047208361253 0.5945949067453589 0.7130052643135649 0.6275726530494574 0.7622298427226721 0.659813308047059
0 0.8482881440532101 0.6244731773510497 0.7757180188041406 0.6070643510529152 0.7498257075634307 0.7149985815143655 0.8223958328125001 0.7324074078125
0 0.9380474119844419 0.7539748436398626 0.9325009478788159 0.6302193777125575 0.818230140945334 0.6353407590125946 0.8237766050509598 0.7590962249398996