0 0.32871338068495193 0.7665161123672108 0.32756939574740834 0.6551919661648518 0.2228143478749564 0.6562684459851409 0.22395833281250002 0.7675925921874999
0 0.4245278449124431 0.6374878764782268 0.35112321763036564 0.62516247211926 0.33184983044679284 0.7399461953521687 0.4052544577288703 0.7522715997111353
0 0.37103847946060914 0.6248762042724121 0.3241924987987376 0.6082500645159179 0.2920928713789269 0.6986943015658542 0.33893885204079843 0.7153204413223484
0 0.4079406281500364 0.6103846116646061 0.3629873042368869 0.6076288502596227 0.36106267903533806 0.6390242751103294 0.40601600294848755 0.6417800365153129
0 0.5041176206142431 0.7615718717495529 0.5007097765849364 0.6360140977179246 0.4072227733936894 0.6385514883980336 0.4106306174229962 0.7641092624296618
0 0.5037027844793573 0.6206240302795382 0.43936305826368044 0.6129985888720185 0.4335264387393038 0.6622451153554756 0.49786616495498076 0.6698705567629953
0 0.5266135025230668 0.664905481692619 0.4908460059768731 0.601318825636989 0.46552454110573754 0.6155621506284865 0.5012920376519313 0.6791488066841164
0 0.5743810316921 0.613058796706105 0.5481111340124518 0.5989436281294941 0.511203903644613 0.667632086233274 0.5374738013242611 0.6817472548098849
0 0.6037076987204701 0.645333709677355 0.5805604906087101 0.6062727957015472 0.5172895519679239 0.6437666849907672 0.5404367600796839 0.6828275989665749
0 0.6387488966572827 0.648710550731151 0.5474319345085409 0.6340346135306622 0.5272010362438599 0.7599157852632157 0.6185179983926019 0.7745917224637046
0 0.6647006081906638 0.6091638695022575 0.6427838998501743 0.6006289976109643 0.6171457916595104 0.666465128108707 0.6390625 0.675
0 0.7098764774058818 0.6255309173332556 0.663184181866892 0.606131064074634 0.6257035372735101 0.6963408873663786 0.6723958328125 0.715740740625
0 0.7896647959771151 0.7615764096776404 0.7850520487970828 0.630369444126166 0.6710653279392541 0.6343767917771702 0.6756780751192865 0.7655837573286446
0 0.7830102026374279 0.6256914613555717 0.7301189178309601 0.5931429816838903 0.7057825662331073 0.6326895570230843 0.7586738510395751 0.6652380366947657
0 0.8559572507623251 0.7134122986298838 0.8293096344344726 0.6068218932755742 0.7586124697502175 0.6244961943884264 0.7852600860780701 0.731086599742736
0 0.9452659935032905 0.7514565450996662 0.9146535943751856 0.6216482064386153 0.8057424368036689 0.6473324718677326 0.8363548359317738 0.7771408105287836