0 0.9403196029947043 0.7591835115428285 0.9319322185507591 0.6299556657494951 0.8171912066701227 0.637402798929052 0.8255785911140678 0.7666306447223854
0 0.8480135943269124 0.6284325877751081 0.7797427907676108 0.6065959725281297 0.7474705158238757 0.7074932094934768 0.8157413193831774 0.7293298247404554
0 0.7880208328125 0.6342592593750002 0.6744791671875 0.634259259375 0.6744791671875001 0.7611111109375001 0.7880208328125001 0.7611111109375002
0 0.7799514838393108 0.6168886331333415 0.7213517873362925 0.5949137490048557 0.7052202242560361 0.6379312545850979 0.7638199207590545 0.6599061387135838
0 0.7081424246174433 0.6291267724407861 0.6609398419722146 0.6085103501632639 0.6218700712424474 0.6979630232302428 0.6690726538876761 0.718579445507765
0 0.6278412685937346 0.7616310971778144 0.6239035689776643 0.6431309297335713 0.5330404514772735 0.6461502643945505 0.5369781510933438 0.7646504318387936
0 0.6008113801186097 0.6473192159433314 0.577324374115707 0.6095722421786082 0.5134921611845974 0.649290063735277 0.5369791671875 0.6870370375000001
0 0.5761993483937704 0.6162674174475382 0.553367784084583 0.5988206558151468 0.5141476028783126 0.6501458305551087 0.5369791671875 0.6675925921875001
0 0.505514319817794 0.7640842643036367 0.5032063007811202 0.6446441623121755 0.4091316262444292 0.6464620286408153 0.41143964528110316 0.7659021306322765
0 0.5157826525300958 0.6372269983880682 0.44888039940683494 0.6101957834383507 0.4278588504281484 0.6622241141453211 0.49476110355140934 0.6892553290950387
0 0.5171219828261571 0.6747670516436332 0.4975975670651369 0.6053469078002516 0.46646634551880284 0.6141025639969653 0.485990761279823 0.6835227078403467
0 0.42447071821750637 0.6396799492316554 0.3502495590123077 0.627217440626034 0.3314726452853308 0.7390443887321002 0.4056938044905295 0.7515068973377217
0 0.4132480302102019 0.6363467230452207 0.3803900907195083 0.6022718240496101 0.3583753306749545 0.6235003434221628 0.3912332701656481 0.6575752424177732
0 0.37187915613558875 0.627296061436118 0.3283279172585131 0.6102672616216188 0.2937475994924627 0.6987065935698482 0.33729883836953833 0.7157353933843474
0 0.3335488239306028 0.6616988624404934 0.23229889450217178 0.6525128844291213 0.2217962770861571 0.7682751114743902 0.32304620651458815 0.7774610894857623
0 0.6660300800693729 0.6128965489288097 0.6436405658638333 0.6029864360431196 0.6161521529819606 0.66508988711431 0.6385416671875002 0.6750000000000002