0 0.32877802800350137 0.7654490064050965 0.3264649416523216 0.6529028823462817 0.22200688266502921 0.6550497400238324 0.224319969016209 0.7675958640826472
0 0.4317201315714573 0.6231399528168807 0.36071441568266416 0.6046167237930584 0.32607823305047556 0.7373887658754944 0.3970839489392687 0.7559119948993167
0 0.36850346746022816 0.6247628017807646 0.32342691891395364 0.608627445807606 0.29214849525348613 0.6960084360335073 0.33722504379976065 0.7121437920066659
0 0.4081370399734065 0.6091334985276194 0.3655494638383393 0.6048071420156871 0.3626207566774327 0.6336366059880677 0.40520833281249996 0.6379629625000001
0 0.5031871457361199 0.7618047192712261 0.501512263109934 0.6374445599167542 0.4076670520871593 0.6387084672188089 0.40934193471334523 0.7630686265732807
0 0.5156735454831922 0.6366446900592931 0.44828416642515323 0.6100217296529928 0.4308813990363749 0.6540724914887699 0.49827077809441384 0.6806954518950703
0 0.5737069174035601 0.6125654426637257 0.549926229470873 0.5983656278512295 0.5131984792548131 0.6598742586250038 0.5369791671875002 0.6740740734375
0 0.5168042992908447 0.6736375062382738 0.4974052604796282 0.6046631470983395 0.47013527517633447 0.6123328305847295 0.4895343139875511 0.681307189724664
0 0.6020833328125 0.6425925921875002 0.5811698203079304 0.6069994027669701 0.5186190084653877 0.6437524222894478 0.5395325209699573 0.679345611709978
0 0.6697247440271167 0.609327980644886 0.6426825205040895 0.5993899638272154 0.6151452764769727 0.6743212425573294 0.6421875 0.6842592593750001
0 0.7087005237665164 0.6249960226505237 0.6559669962433633 0.6051157633775277 0.616291457876262 0.7103574036271301 0.6690249853994151 0.7302376629001259
0 0.7882450355685036 0.7619697957339742 0.7862447000102872 0.6303920358823499 0.6726026088988117 0.6321197010745274 0.6746029444570281 0.7636974609261517
0 0.7820751557394694 0.6358528766218731 0.738187016213843 0.5945463823395614 0.7071710407500492 0.6275008482735365 0.7510591802756756 0.6688073425558483
0 0.8479576481493453 0.6301636373065864 0.779519480808483 0.6055914230994801 0.7466388520389712 0.6971700637150186 0.8150770193798336 0.7217422779221249
0 0.9351707840035711 0.7546967144851418 0.9274254707346958 0.6300939879582969 0.8170869715851463 0.6369526359618514 0.8248322848540216 0.7615553624886962
0 0.6287176518798603 0.7631539419506858 0.6243391952724517 0.6386112382569514 0.535191565890093 0.6417453361633519 0.5395700224975014 0.7662880398570863