0 0.330231407353473 0.6595904161295479 0.22656198951752451 0.6555687556248494 0.22218376979235926 0.7684294731159131 0.32585318762830773 0.7724511336206117
0 0.4260355725199075 0.6407689137949707 0.353470489780997 0.625069736181185 0.32916627426007905 0.7374092136727353 0.4017313569989895 0.7531083912865209
0 0.3714118448862626 0.6270394036710754 0.32780334704022096 0.6101751804121015 0.29378128264604514 0.698151430433686 0.3373897804920868 0.71501565369266
0 0.4119413225179086 0.6338186557915265 0.38000434353722706 0.601727392049226 0.35808430828150406 0.6235420426295037 0.39002128726218555 0.6556333063718043
0 0.5049940730014482 0.7641194974049718 0.5027167050774377 0.6437035454449147 0.40804645775097637 0.6454939974665118 0.4103238256749869 0.7659099494265689
0 0.511820882233431 0.6306629806729305 0.44382750441489405 0.6105167893012923 0.4285689882815893 0.6620142675721776 0.4965623661001263 0.6821604589438157
0 0.5201719362483038 0.6742748715947061 0.4962266073489582 0.6033257480431142 0.46807866656652075 0.6128256779384378 0.4920239954658664 0.6837748014900297
0 0.5755362886703034 0.6147873388260964 0.5490278802582503 0.5998763593564236 0.5109915919936409 0.6674964285710302 0.5375000004056938 0.682407408040703
0 0.6023683299528099 0.6473013717472945 0.5789445607411864 0.6091251336338248 0.5145525425697801 0.6486341017053934 0.5379763117814036 0.6868103398188631
0 0.6271840423118141 0.7627778301885042 0.6253737177643552 0.6446542336584855 0.5341783523723631 0.6460518647282577 0.535988676919822 0.7641754612582765
0 0.6650022422559301 0.6115001760187815 0.6425991296847834 0.6022988980056827 0.6161385546163535 0.6667246485494014 0.6385416671875002 0.6759259265625003
0 0.7078426963665582 0.6280650342319939 0.6592432275654295 0.6081527515384797 0.6220921124616705 0.6988266580514862 0.6706915812627992 0.7187389407450004
0 0.7880208328125 0.6351851859375002 0.6739583328125 0.6351851859375002 0.6739583328125001 0.7611111109375001 0.7880208328125001 0.7611111109375002
0 0.782459105174267 0.623290166670061 0.7264998469383837 0.5940304199935552 0.7058125798025465 0.6335948132416533 0.76177183803843 0.662854559918159
0 0.8489398395264287 0.6303292841016661 0.7810513772776021 0.6059544374132569 0.7475223052569728 0.6993391125748477 0.8154107675057993 0.723713959263257
0 0.9358088918794149 0.7545427201593423 0.9276776972386023 0.6301354446247576 0.8172120910000812 0.6373554190320508 0.8253432856408939 0.7617626945666356