0 0.3279103992335056 0.7665574082179644 0.32692492579001237 0.6745387339674301 0.22720929035633453 0.6756066379708436 0.22819476379982775 0.7676253122213779
0 0.4171875 0.65 0.3390625000000001 0.65 0.3390625000000001 0.7481481484375 0.4171875000000001 0.7481481484375
0 0.37454644726460523 0.644409539550219 0.3380371107305148 0.6235618779500604 0.2975011940033942 0.694550147708672 0.33401053053748464 0.7153978093088307
0 0.41250000072916676 0.653935185390625 0.38189583182250003 0.6131296293987502 0.35589583282583337 0.6326296298650002 0.3865000017325001 0.673435185856875
0 0.5004966603367271 0.7625061671573119 0.4964171434593695 0.6603907432180536 0.4080904278971609 0.663919400427291 0.4121699447745185 0.7660348243665492
0 0.5137305961768512 0.6448105807074255 0.4476156651584833 0.6224967917676486 0.4305278902467644 0.6731272365833998 0.4966428212651324 0.6954410255231768
0 0.5238898247687714 0.6739412153912193 0.49288308476519616 0.6138069217540115 0.46836792126496024 0.6264475508330338 0.49937466126853547 0.6865818444702415
0 0.5792192445954752 0.6332742853120988 0.5592058609648285 0.6110406674942858 0.5168511298448072 0.649165883526323 0.5368645134754539 0.6713995013441362
0 0.6244791671875001 0.6648148140625 0.5359375 0.6648148140625 0.5359375000000001 0.7638888890625 0.6244791671875002 0.7638888890625
0 0.6018026860612802 0.6679736760469176 0.5805180362854105 0.6242117020955651 0.5162840660120217 0.6554533815157513 0.5375687157878912 0.6992153554671038
0 0.6848875293941724 0.6356542983365696 0.6637035909820137 0.6070559818376344 0.6142530262655661 0.6436860302336193 0.6354369646777247 0.6722843467325545
0 0.7096612643658785 0.6445311805127447 0.6550265554696926 0.6212172306768163 0.6216679024064785 0.6993910412967955 0.6763026113026644 0.7227049911327239
0 0.781620846119248 0.6563549130761749 0.6847870389264897 0.6526125413059011 0.6805746375492713 0.7616083567457542 0.7774084447420295 0.765350728516028
0 0.7807291632919514 0.630092586429795 0.7192375315216076 0.6070332331631763 0.7008632970993042 0.6560312099968921 0.762354928869648 0.6790905632635109
0 0.8514387762041631 0.7081665994193477 0.8210956909055277 0.6218573656633823 0.7535924747034144 0.6455889614384565 0.7839355600020497 0.7318981951944218
0 0.9302260010990862 0.7557456220859822 0.9241652619107599 0.6483569281179508 0.8195479668540713 0.6542612567441608 0.8256087060423974 0.7616499507121923