0 0.3281250000000001 0.6564814812499999 0.2234375000000001 0.6564814812499999 0.2234375000000001 0.7675925921875 0.3281250000000001 0.7675925921875
0 0.42159924732156434 0.6359829539080476 0.34488436773521325 0.630634640698486 0.33715663465286816 0.7414793294178564 0.41387151423921925 0.7468276426274181
0 0.37077104063879096 0.6259435433916611 0.32745306849169886 0.6099893799041434 0.2945625192556014 0.69929220651906 0.3378804914026935 0.7152463700065776
0 0.4091680665126821 0.6130866299618982 0.3643442411500978 0.6064460586761254 0.3600936793404948 0.6351373311656946 0.4049175047030792 0.6417779024514674
0 0.5060749798169775 0.6417042593761676 0.4122139171808873 0.6381844678114166 0.4075504707023888 0.7625429799465984 0.501411533338479 0.7660627715113494
0 0.5114056341420928 0.6722444711734079 0.471380641780031 0.6137952765906436 0.4208625312629121 0.648389200459523 0.460887523624974 0.7068383950422874
0 0.5285649840576492 0.6626057082939172 0.48912830750594216 0.6012597768504302 0.46185694586570536 0.6187913692938739 0.5012936224174124 0.6801373007373608
0 0.573781861292189 0.6131001853348554 0.5483183090613867 0.6002513890215031 0.5122298878655902 0.6717708820257938 0.5376934400963925 0.6846196783391462
0 0.6011304997393474 0.6453177285249458 0.5796076574146259 0.608997931834921 0.5162685074338134 0.6465322426586741 0.5377913497585348 0.6828520393486991
0 0.6276041671875 0.64351851875 0.5359375000000001 0.64351851875 0.5359375000000002 0.7629629625 0.6276041671875001 0.7629629625
0 0.6657348153985753 0.6100292676970096 0.6419532983316338 0.6009673590398821 0.6165793403799745 0.6675572174146538 0.6403608574469161 0.6766191260717813
0 0.7092863141339502 0.6276305897456581 0.6620842199142605 0.6083493775536168 0.6248512725434558 0.6994988899581791 0.6720533667631454 0.7187801021502205
0 0.7890078024621452 0.7616269605164592 0.7850156397106607 0.6303292285618222 0.6719585611536207 0.6337667765764596 0.6759507239051051 0.7650645085310966
0 0.7814367724441201 0.620445954504734 0.7248089153383489 0.593143236710783 0.7057148817737788 0.6327456752821851 0.7623427388795501 0.6600483930761362
0 0.8502049670378792 0.6311575215556604 0.7813937866326575 0.6064513797862651 0.7482752598009369 0.6986926105637759 0.8170864402061586 0.7233987523331713
0 0.9392527364998517 0.7542306833473665 0.9275565738137675 0.6284055385407971 0.8149875881708359 0.6388694658544611 0.82668375085692 0.7646946106610305