0 0.32741058964318154 0.767421574555408 0.3263877835681086 0.6782457306180524 0.227155766219705 0.6793838763950297 0.22817857229477795 0.7685597203323854
0 0.3738817658530572 0.648368945125406 0.3389316236316568 0.6283974359532947 0.2999002854524162 0.6967022800539583 0.3348504276738166 0.7166737892260696
0 0.41208610143916546 0.6541292704709992 0.3799396081157898 0.6152677352702988 0.35489165990607957 0.6359875471801792 0.38703815322945523 0.6748490823808797
0 0.4171875 0.6546296296875 0.3390625000000001 0.6546296296875 0.3390625000000001 0.7490740734375 0.4171875000000001 0.7490740734375
0 0.50163976997335 0.7627770937525582 0.4990598765950211 0.667724131517133 0.4092411350891565 0.6701619595554311 0.4118210284674853 0.7652149217908563
0 0.5146907977960872 0.6505438225453171 0.44325791728642 0.6304533274132852 0.4272077678977369 0.6875205323731138 0.4986406484074041 0.7076110275051457
0 0.5261152916950629 0.6690217137888028 0.4892070105748948 0.6171194561147476 0.46432009332439844 0.6348168238066125 0.5012283744445665 0.6867190814806678
0 0.6265449773721704 0.6687850118102311 0.5375059267852891 0.6657409448658466 0.5341494910015003 0.7639167934935113 0.6231885415883817 0.7669608604378959
0 0.601614239359637 0.6720636673514401 0.5799305486645351 0.6293739006165193 0.5165640226446946 0.6615600720512155 0.5382477133397965 0.7042498387861362
0 0.5796101466499791 0.636759805667442 0.560921437566286 0.6136909314051716 0.518290458103807 0.6482274226127299 0.5369791671875002 0.6712962968750003
0 0.7783967518386118 0.6610702057077854 0.6837363412205393 0.6589403486253613 0.6813736139693315 0.7639505550018749 0.776034024587404 0.766080412084299
0 0.7092333380142538 0.6504860551975824 0.6517256177337865 0.6274585994317039 0.6201121152679482 0.7064087220755265 0.6776198355484155 0.7294361778414049
0 0.6871689110109063 0.6421579254750813 0.6672075452863071 0.6095257710241877 0.6156384807850913 0.6410710052848705 0.6355998465096906 0.6737031597357641
0 0.9313265600756999 0.7577733755915315 0.9288081032683462 0.6543593154533693 0.8211249139116633 0.6569817389508181 0.8236433707190172 0.7603957990889803
0 0.8518474845160086 0.6945754697231555 0.8127358475005007 0.6241745283753115 0.7502112805202378 0.6589104015250922 0.7893229175357458 0.7293113428729362
0 0.7831895998740145 0.640996252864095 0.7274032462896751 0.6096164419170819 0.7000448231701694 0.6582536586368336 0.7558311767545087 0.6896334695838467