0 0.3286458328125001 0.6601851859375001 0.2239583328125001 0.6601851859375001 0.2239583328125001 0.7675925921875 0.3286458328125001 0.7675925921875
0 0.4259597755965351 0.64302935056586 0.3521652264978048 0.629192871701829 0.33178983194383976 0.737861635524921 0.4055843810425701 0.751698114388952
0 0.37270811455253466 0.6301208677998232 0.33072053578268334 0.61171722141047 0.2941819740867708 0.6950792739563031 0.3361695528566221 0.7134829203456563
0 0.41442648381680486 0.6315196180360728 0.3757777896756286 0.6028909553514173 0.35769393918441666 0.6273041532093884 0.39634263332559294 0.6559328158940438
0 0.5046875 0.6481481484375 0.41041666718750003 0.6481481484375 0.41041666718750014 0.7638888890625 0.5046875000000001 0.7638888890625
0 0.5052270307530724 0.6257929157198118 0.4366610728041544 0.6161508380526347 0.429350709238582 0.668135700457823 0.49791666718750005 0.6777777781250001
0 0.5263631310142765 0.6663122326046542 0.49089082546842644 0.6032503571536167 0.4612172355443193 0.6199417517704394 0.4966895410901694 0.6830036272214769
0 0.576328046994467 0.619323439712146 0.557773991611585 0.6008220946613136 0.5142584446171181 0.6444616174491679 0.5328125000000001 0.6629629625000002
0 0.6013517134448575 0.6530483268890004 0.5812277975126502 0.6115427515651526 0.5156043477057831 0.6433601827606201 0.5357282636379904 0.6848657580844679
0 0.6244791671875001 0.6490740734375 0.5338541671875001 0.6490740734375 0.5338541671875002 0.765740740625 0.6244791671875002 0.765740740625
0 0.6801306959274467 0.6179201107484719 0.6526740196933412 0.5975850098522578 0.6110849909533945 0.6537389725412859 0.6385416671875002 0.6740740734374999
0 0.7080295519988886 0.6294131060952735 0.6584616730533214 0.610037525843526 0.6232373590028091 0.7001506740491888 0.6728052379483762 0.7195262543009363
0 0.7880208328125 0.6379629625000001 0.6755208328125 0.6379629625 0.6755208328125001 0.7611111109375001 0.7880208328125001 0.7611111109375002
0 0.780846423610672 0.6206314463754985 0.7229957828393747 0.5953217978174274 0.7045580980623488 0.6374650885961529 0.7624087388336462 0.6627747371542241
0 0.8577419921811771 0.7038742627617631 0.8235887901414923 0.6067259318120743 0.7559115609823064 0.6305183537545239 0.7900647630219912 0.7276666847042126
0 0.9385933147169918 0.7544697983482983 0.9324329931789046 0.6320334207732405 0.819085098029435 0.6377364601281748 0.8252454195675222 0.7601728377032325