0 0.3286753248510933 0.7665165034351167 0.3275696157230848 0.6589170756943904 0.22285262368449152 0.6599931644467736 0.22395833281250002 0.7675925921874999
0 0.42594208401718425 0.6412718358869929 0.35197981868877576 0.6274039143882111 0.3311019409770307 0.7387526216148705 0.40506420630543927 0.7526205431136523
0 0.37206460731179997 0.6286504131052849 0.3298927803528625 0.610707112252911 0.2938635463515738 0.6953859923690178 0.3360353733105112 0.7133292932213917
0 0.40786929393062216 0.6102340855895839 0.36310753595694856 0.6064447278120276 0.3604465748388265 0.6378773094099438 0.40520833281250007 0.6416666671875001
0 0.6297912054600046 0.7619143820180343 0.621938758651243 0.644127693137616 0.5303089662853326 0.6502363466492335 0.538161413094094 0.7680230355296518
0 0.5998224916580526 0.6495094224106811 0.5778081026610382 0.6107307880103177 0.5145999824243015 0.6466136438194054 0.5366143714213157 0.685392278219769
0 0.575 0.61851851875 0.5563222977037057 0.600018457468072 0.5141347977037057 0.642611049655572 0.5328125 0.6611111109375001
0 0.5040177078125001 0.65386944375 0.40997031249999993 0.65386944375 0.40997031250000004 0.7681796296875001 0.5040177078125001 0.7681796296875001
0 0.5190134428480405 0.643512788103163 0.44510464492447044 0.6196202281216978 0.42772818176393007 0.6733722540810347 0.5016369796875002 0.6972648140625001
0 0.5268808646096635 0.6606283455371135 0.4833837168930238 0.606488069771882 0.45754451947086033 0.6272476867347685 0.5010416671875001 0.6813879625000001
0 0.7899976661707988 0.7613146649626306 0.7706068516294928 0.6332491225229753 0.6702747474489785 0.6484407282245643 0.6896655619902846 0.7765062706642196
0 0.7164953863160213 0.6255842343036923 0.6605220409660003 0.6030444226457481 0.6187953045257728 0.706664854996387 0.6747686498757937 0.7292046666543313
0 0.6834044536891188 0.614777273777564 0.6589542038435399 0.5942981531040801 0.6125007372903588 0.649759463261266 0.6369509871359378 0.6702385839347499
0 0.7836921622923028 0.6428601259353587 0.740819508525281 0.5987252960394998 0.7087188841081924 0.6299079007892279 0.7515915378752142 0.6740427306850868
0 0.8525344608838112 0.6366045629973384 0.7790676655931721 0.6121639086546429 0.7474674223423284 0.707151897498648 0.8209342176329677 0.7315925518413435
0 0.935565625 0.6348175921875001 0.8194942703124999 0.6348175921875001 0.8194942703124999 0.7575953703125002 0.935565625 0.7575953703125002