0 0.3281250000000001 0.6583333328125 0.2239583328125001 0.6583333328125 0.2239583328125001 0.7675925921875 0.3281250000000001 0.7675925921875
0 0.4247675245656284 0.6394194168668718 0.35044340733513846 0.6267505325786029 0.33145478618113866 0.7381504374622626 0.4057789034116285 0.7508193217505315
0 0.37220682891005297 0.6281338637760052 0.3292994434550452 0.6101870248905656 0.29309971862743506 0.6967334945200241 0.33600710408244283 0.7146803334054637
0 0.4146968721141639 0.6216622364775315 0.3695854547744686 0.6042278728283634 0.3591351578388594 0.6312680169869088 0.4042465751785548 0.6487023806360768
0 0.5058708898729747 0.761671067246446 0.5028251725944923 0.6434591469047386 0.40809238583526924 0.6458999268585479 0.41113810311375154 0.7641118472002553
0 0.5085666502630648 0.6312467898235573 0.43883090486305065 0.6174700425642078 0.42892519209998586 0.6676112152406505 0.49866093750000007 0.6813879625
0 0.5184561747621614 0.6632091667933392 0.4899413316238633 0.6044968289994064 0.45587657351182925 0.6210410728603466 0.4843914166501273 0.6797534106542794
0 0.5801547864019286 0.6148812654247656 0.5594146958790684 0.6001295309501579 0.521921199477806 0.6528432312082012 0.5426612900006662 0.667594965682809
0 0.6099010186162294 0.6507431513902308 0.5805056685098369 0.6094152165894018 0.5002179444512107 0.6665215242073039 0.5296132945576032 0.707849459008133
0 0.631382985055265 0.771532360359035 0.6231134757730918 0.6421274996661249 0.5278987388230248 0.6482121177151855 0.536168248105198 0.7776169784080957
0 0.6844071397991549 0.6114343917881749 0.6576117780211937 0.5939858383387404 0.6141270335345389 0.6607644090505655 0.6409223953125001 0.6782129625000001
0 0.7153473450353041 0.6263034541032496 0.6566829559700537 0.6009254362414511 0.6090439437472496 0.7110488337007015 0.6677083328125 0.7364268515625001
0 0.7819582133424123 0.7651348593981945 0.7795940544059355 0.6348287232434122 0.6772656895742138 0.6366852783168021 0.6796298485106906 0.7669914144715844
0 0.7760212165556555 0.6465940063289427 0.7343612916762811 0.6050384993213382 0.7073069080447963 0.6321608633810328 0.7489668329241707 0.6737163703886372
0 0.8420978344156195 0.6127369622185472 0.7799233548811488 0.6063797247810173 0.767551083098937 0.7273819000618755 0.8297255626334078 0.7337391374994054
0 0.9481440945253562 0.7647723051666119 0.9364931486090476 0.6243548355830263 0.8153228629662754 0.634408772951889 0.8269738088825838 0.7748262425354746