0 0.3276041671875001 0.6759259265625001 0.22812500000000008 0.6759259265625001 0.22812500000000008 0.7675925921875 0.3276041671875001 0.7675925921875
0 0.4171875 0.6509259265625 0.3390625000000001 0.6509259265625 0.3390625000000001 0.7490740734375 0.4171875000000001 0.7490740734375
0 0.3739561211466649 0.644274887980841 0.33782952857817505 0.6245694741044897 0.29847620268665026 0.6967172391612954 0.3346027952551401 0.7164226530376466
0 0.41231382426952184 0.6529579432004005 0.3813461323252558 0.6129189031416573 0.35596773348078775 0.6325475065322769 0.38693542542505377 0.6725865465910201
0 0.5018970879856494 0.7637018642895186 0.5004574223769466 0.6649047122853176 0.40973025472059926 0.6662267826122468 0.41116992032930205 0.7650239346164477
0 0.5151237958197407 0.6579836902800905 0.4459310242348316 0.6310321200326116 0.4263772746860866 0.6812324650860277 0.49557004627099566 0.7081840353335067
0 0.5250309062588728 0.6722771798068246 0.49211795535953107 0.6137652492690296 0.46798343866623887 0.627340910772671 0.5008963895655807 0.6858528413104658
0 0.5810947302013911 0.6372984610864193 0.5616647641585174 0.6113802751884552 0.5172145708181048 0.6447030451771999 0.5366445368609786 0.670621231075164
0 0.6011837885854477 0.6680967885264607 0.5802461287910754 0.6262665919415208 0.5168762789637519 0.6579856959675024 0.5378139387581242 0.6998158925524424
0 0.6239583328125 0.665740740625 0.5354166671875 0.665740740625 0.5354166671875001 0.7638888890625 0.6239583328125001 0.7638888890625
0 0.6796464589027493 0.6279925043124891 0.6566575155748661 0.6066277798846021 0.6145241980349081 0.6519642152976194 0.6375131413627915 0.6733289397255062
0 0.7108902548616804 0.6425683065215166 0.6564883115829917 0.6187674563370903 0.6200605265317622 0.7020309650256149 0.6744624698104509 0.7258318152100411
0 0.7776041671875001 0.6537037031250001 0.6817708328125 0.653703703125 0.6817708328125001 0.7648148140625001 0.7776041671875003 0.7648148140625002
0 0.7771936744874491 0.6287363990420347 0.7153734510185006 0.6104192935023379 0.7005773168172456 0.6603562401894548 0.7623975402861941 0.6786733457291516
0 0.8470399533719972 0.6484881333875178 0.7822640095858547 0.6213943481432102 0.7482358312570737 0.7027490701465913 0.8130117750432161 0.7298428553908989
0 0.9327768147158414 0.7552788981119922 0.929468184003424 0.649816249254511 0.8215315711238216 0.653202494491442 0.824840201836239 0.7586651433489231