0 0.3287902313876223 0.765450433675211 0.32651114466632525 0.6539176098247286 0.22167924609120293 0.6560597683370175 0.22395833281250002 0.7675925921875
0 0.4239255585683387 0.6344138564794696 0.35046609651783384 0.6228981842391044 0.3320079623857988 0.740644206832776 0.4054674244363037 0.7521598790731412
0 0.3691073804201769 0.6239024503786721 0.32283333547512766 0.6077891672528263 0.2920058660807767 0.6963193378676639 0.33827991102582594 0.7124326209935099
0 0.4101736118516651 0.6096296296409476 0.3663058950727104 0.602748418710443 0.3618614504085452 0.6310817515694956 0.4057291671875 0.6379629625000001
0 0.5036458328125 0.6416666671875 0.40989583281249997 0.6416666671875 0.4098958328125001 0.7638888890625 0.5036458328125001 0.7638888890625
0 0.5101679004643092 0.6534653896809014 0.46151415577895183 0.6112724377746616 0.4272867097576471 0.650740959049328 0.4759404544430045 0.6929339109555679
0 0.526488309616222 0.6646829409994421 0.4897641611116401 0.5993955389491311 0.46127750992879096 0.6154192736296903 0.49800165843337274 0.6807066756800013
0 0.5754736945289864 0.6122091647267454 0.5493974108216154 0.5970440381319413 0.5111733425162599 0.6627699417931667 0.5372496262236309 0.6779350683879708
0 0.6316056901229787 0.7621950969032936 0.6203166708095329 0.6337511692637846 0.5312746817869551 0.6415771268801282 0.542563701100401 0.7700210545196373
0 0.6037038998216928 0.6418477997142111 0.5798750929950935 0.6066630772030307 0.5186590978975862 0.6481215289902525 0.5424879047241855 0.683306251501433
0 0.7901230427693713 0.7602759511999786 0.7856169958051964 0.628098445161706 0.6693695206332617 0.6320614234194424 0.6738755675974366 0.7642389294577149
0 0.7096377051432399 0.6245524228348321 0.6596100482593555 0.6031272262890692 0.6181617669520534 0.6999086206272465 0.6681894238359377 0.7213338171730092
0 0.6677184739492272 0.60952924386789 0.6449195822826157 0.5982526370971224 0.6157427755208885 0.6572419119792323 0.6385416671875 0.6685185187500001
0 0.7837940919536714 0.6255181745868774 0.730584354643414 0.592409896431681 0.7075749822177431 0.6293892481425966 0.7607847195280005 0.662497526297793
0 0.8622691128007421 0.6970933635310514 0.8201729022905255 0.602376863244052 0.7514551193682576 0.6329180915086717 0.7935513298784743 0.7276345917956711
0 0.9429606838904316 0.7560053235107481 0.9363871738737469 0.6302869452736148 0.8163661218498834 0.6365625558784839 0.8229396318665682 0.7622809341156171