0 0.3285260414882939 0.7664474390277076 0.32642294569016067 0.6676676422332972 0.22560124690226716 0.6698142116529812 0.2277043427004004 0.7685940084473916
0 0.41770833281249997 0.6453703703125 0.3390625000000001 0.6453703703125 0.3390625000000001 0.747222221875 0.4177083328125001 0.747222221875
0 0.3742259371694133 0.640076522141145 0.3364572266324985 0.6194754075661943 0.2962944529712952 0.6931071602197154 0.33406316350820997 0.713708274794666
0 0.41095562225542626 0.6250340250186432 0.36356032881920597 0.6141619877289892 0.3565630836652466 0.644665607104234 0.40395837710146687 0.6555376443938881
0 0.5008324503278457 0.7642372825577652 0.4966458445503975 0.660037316076099 0.4083583091402951 0.6635845831079903 0.41254491491774326 0.7677845495896565
0 0.5177872674461996 0.6487613930939572 0.45095059605356447 0.619520339177529 0.42605798017648144 0.6764177270840903 0.4928946515691166 0.7056587810005185
0 0.5275931155361665 0.6683156409875093 0.49117053914127257 0.6100395340531589 0.46133284007707653 0.6286881008635297 0.4977554164719704 0.6869642077978799
0 0.5786361837836769 0.6291931704011422 0.5598100994708687 0.6077351500223284 0.5175052157670614 0.6448511231359415 0.5363313000798697 0.6663091435147555
0 0.6007572976554121 0.6607438922756291 0.5779312010656341 0.6197957262435125 0.514153070597722 0.6553481308428835 0.5369791671875 0.696296296875
0 0.625 0.659259259375 0.5354166671875 0.659259259375 0.5354166671875001 0.7638888890625 0.6250000000000001 0.7638888890625
0 0.6794413924893365 0.624644359283483 0.6579654259890726 0.6025848065272108 0.6128990334997362 0.6464589659937279 0.634375 0.66851851875
0 0.7102602949845956 0.6390648927761401 0.6579315964408564 0.6154204716255162 0.6200085889905403 0.6993498523491037 0.6723372875342796 0.7229942734997279
0 0.7812500000000001 0.6472222218750001 0.68125 0.6472222218750001 0.6812500000000001 0.7648148140625001 0.7812500000000002 0.7648148140625002
0 0.7804596545406115 0.6260813113573831 0.7212084137023224 0.6027511289031692 0.7026020700188668 0.6500053221728527 0.7618533108571559 0.6733355046270666
0 0.8473737387011964 0.7293853350397675 0.8345461498656588 0.6211525555928288 0.760827279839513 0.6298896069644 0.7736548686750505 0.7381223864113388
0 0.9381880627843117 0.7551206754049925 0.9324148917512867 0.642273206048265 0.8201622408482429 0.6480159467252857 0.8259354118812678 0.7608634160820132