0 0.32870194034010325 0.7654505701847218 0.3264087555383835 0.6538727810319288 0.22200776229061484 0.6560184658749255 0.22430094709233458 0.7675962550277184
0 0.4251182479419273 0.6383227640409537 0.35440490420001913 0.6226363538139171 0.32839526081311854 0.7398861787772036 0.3991086045550268 0.7555725890042402
0 0.36734729352632217 0.6241523781134974 0.32206415367142094 0.6089906132112366 0.29259225244352227 0.6970133621257626 0.3378753922984235 0.7121751270280233
0 0.40785241530180993 0.6091574941228812 0.3652579285877518 0.6048304359548371 0.3623185814863727 0.6337646393316987 0.4049130682004308 0.6380916974997428
0 0.5045620805644733 0.7640825362833763 0.5022388977162902 0.6438577023582639 0.40816422317205997 0.6456755686277711 0.41048740602024314 0.7659004025528835
0 0.5224422071106295 0.6568207634880275 0.4573996231687028 0.6105480011189254 0.42859915253631276 0.651030931740873 0.49364173647823933 0.6973036941099752
0 0.5239294596990014 0.6667665000591609 0.48462930497562 0.600447456326126 0.460565625 0.6147074078125001 0.4998657797233815 0.681026451545535
0 0.6293238652044595 0.6404277010844808 0.5393090832445085 0.6380165859450787 0.5359437067179293 0.7636570538359149 0.6259584886778804 0.766068168975317
0 0.603356700037585 0.6412727208542377 0.5767776640909077 0.6051418449933131 0.5169846730789827 0.6491274949283613 0.54356370902566 0.6852583707892859
0 0.5744659137106746 0.613012641434104 0.5493209007847742 0.598663585388846 0.5118341542615997 0.664354647079742 0.5369791671875 0.6787037031250001
0 0.6684586024465704 0.6095659748877009 0.6450007934243206 0.5992298783563074 0.6164188456377726 0.6640967137834292 0.6398766546600224 0.6744328103148227
0 0.7079036296378132 0.6251111572762421 0.6550599115270337 0.6065332876642062 0.6197982017421051 0.7068332623594571 0.6726419198528846 0.7254111319714931
0 0.7880208328125 0.63148148125 0.6744791671875 0.63148148125 0.6744791671875001 0.7611111109375001 0.7880208328125001 0.7611111109375002
0 0.7830345585702656 0.6285706409923425 0.7330226074390065 0.5943744320326967 0.7096267172862661 0.6285909183213357 0.759638668417525 0.6627871272809815
0 0.8551904182171283 0.7054918761241342 0.8271295284849443 0.6057197933437333 0.757868590600396 0.625199426188561 0.7859294803325799 0.7249715089689618
0 0.9501134475226387 0.740005811849281 0.901968008226435 0.617604134051468 0.7972882069292211 0.6587788557511056 0.8454336462254247 0.7811805335489187