0 0.3301358967753265 0.7652799978980485 0.3267260554951753 0.6540339400388732 0.21984854333137216 0.6573098795185205 0.22325838461152334 0.7685559373776958
0 0.42527751074602654 0.6317701615517246 0.3517931559345069 0.6197890161789987 0.3323103080876953 0.7392838106560842 0.40579466289921495 0.7512649560288099
0 0.37076720711394356 0.6259008539078754 0.3260584889942345 0.6095390789922223 0.2931696584819119 0.6994081463912349 0.337878376601621 0.7157699213068882
0 0.4057291671875 0.609259259375 0.36197916718750006 0.609259259375 0.36197916718750006 0.6416666671875 0.4057291671875 0.6416666671875
0 0.5068429984321686 0.6371484134251222 0.4119780112409172 0.6352426455457183 0.4093975873770158 0.7636905428172358 0.5042625745682672 0.7655963106966397
0 0.4984719475162673 0.672215318630001 0.49778838976853346 0.6172315869284222 0.42277696089366773 0.6181641290056732 0.4234605186414016 0.673147860707252
0 0.5187961916809796 0.6753854481640691 0.4969833068170818 0.6026758401309076 0.46576516232824455 0.6120412845311712 0.48757804719214237 0.6847508925643327
0 0.5737413271125936 0.6131155148178019 0.5474314487380761 0.6003474856450455 0.5123143544277344 0.6727099832294778 0.5386242328022519 0.6854780124022343
0 0.6021349985765476 0.6473529592847285 0.580841721916852 0.6080518920891985 0.5229775561528043 0.6394026359294701 0.5442708328124999 0.6787037031250001
0 0.6303885975436598 0.7608807687421548 0.6210439370193005 0.6373560155068511 0.5302078129761612 0.6442277778079243 0.5395524735005204 0.767752531043228
0 0.6647722367474863 0.6097155052279399 0.639152950614771 0.6023253261307719 0.6197525453458834 0.6695800607101716 0.6453718314785988 0.6769702398073398
0 0.7087105583584858 0.6280692190186041 0.6596284971890594 0.6081111519016759 0.621095329208798 0.7028742016889374 0.6701773903782244 0.7228322688058657
0 0.7882297661968951 0.7609654093937286 0.7861607415571845 0.6248694298703253 0.6719697913659497 0.6266054391955458 0.6740388160056603 0.7627014187189489
0 0.7834659716137689 0.6288656212861939 0.7304617625598578 0.5926234280022007 0.7060371195355872 0.6283444693525697 0.7590413285894984 0.664586662636563
0 0.849636130450571 0.6315258754928351 0.7819040149606418 0.6061263318864609 0.7472460049840789 0.6985476907408994 0.8149781204740082 0.7239472343472737