0 0.32913741259357454 0.7664644461374178 0.3279713411508668 0.6615179120030942 0.22518439219515432 0.6626599880787738 0.22635046363786207 0.7676065222130974
0 0.42772801466482946 0.650567166173194 0.3558292790822715 0.6308388533534142 0.3271038446949298 0.7355270966095167 0.3990025802774877 0.7552554094292965
0 0.3723117678425087 0.6344626809566425 0.3342860023882495 0.6160439515527847 0.29664325595050933 0.6937580118286168 0.33466902140476856 0.7121767412324749
0 0.41181271758355437 0.6433126664889803 0.3805264068614217 0.6046204211270784 0.3563164154854447 0.6241964706864761 0.38760272620757735 0.6628887160483781
0 0.5015625000000001 0.652777778125 0.40989583281249997 0.652777778125 0.4098958328125001 0.7638888890625 0.5015625000000001 0.7638888890625
0 0.515786637959241 0.666347382591578 0.4620510066117178 0.6185823749138943 0.42434985573762296 0.6609961678398449 0.4780854870851461 0.7087611755175285
0 0.5221287222647872 0.6742890251858034 0.4955449463785042 0.6086500715596792 0.46459987678940023 0.6211828245866069 0.4911836526756833 0.686821778212731
0 0.5766620392305453 0.6234314362565041 0.5581402659414412 0.603805894130212 0.514290726710896 0.645189271936208 0.5328125000000001 0.6648148140625001
0 0.6013015938240125 0.6592672228977102 0.578838538923981 0.6146714518123846 0.5129658520287135 0.6478517679304723 0.5354289069287449 0.692447539015798
0 0.6244791671875001 0.6546296296875 0.5333333328125 0.6546296296875 0.5333333328125001 0.7638888890625 0.6244791671875001 0.7638888890625
0 0.680120031815667 0.6211357664447047 0.6553319837911269 0.5993842545750645 0.6137536191629598 0.6467670068803599 0.6385416671874999 0.6685185187500001
0 0.7073387335936948 0.637043721189592 0.6592892704069554 0.6130674271602 0.6218888886065994 0.6880193053063066 0.6699383517933388 0.7119955993356986
0 0.7864725676917381 0.7624418526177797 0.7822328758403926 0.6418464078864438 0.6777071183124705 0.6455211486980401 0.6819468101638161 0.7661165934293761
0 0.7799996395370619 0.6211649309916172 0.7209287647324463 0.597905777650776 0.7036888298726739 0.6416897460015566 0.7627597046772895 0.6649488993423976
0 0.8518488011186719 0.6434216044394098 0.7878163171378895 0.6106777201111865 0.7454293661466412 0.6935677564042202 0.8094618501274237 0.7263116407324434
0 0.9386848957108684 0.7562024174159938 0.934810394972514 0.6385144721994732 0.8199474144911214 0.6422959699719593 0.8238219152294757 0.75998391518848