0 0.33021842718492805 0.7652774571643934 0.326848806854792 0.6591344300329876 0.2211719472250647 0.6624892513929664 0.22454156755520072 0.7686322785243724
0 0.3721998038694159 0.6303546443660599 0.33026896549866047 0.6119758675538464 0.29372570605347287 0.6953486361005791 0.3356565444242283 0.7137274129127926
0 0.42415990693354927 0.6452347085989282 0.3503545740573384 0.6328420212692387 0.33241939723147235 0.7396559560205418 0.40622473010768323 0.7520486433502312
0 0.41211207727147015 0.6383077762555712 0.381307463540801 0.6036526182977889 0.3580818959839542 0.6242975865918537 0.38888650971462335 0.658952744549636
0 0.5051266096384621 0.7627895653765904 0.5036430914295797 0.6476315435832416 0.409010267690091 0.648850646820595 0.4104937858989734 0.7640086686139439
0 0.5186510481635169 0.6585438131148063 0.4594870525105847 0.6140443908710553 0.4255114037698776 0.6592165534081326 0.48467539942280985 0.7037159756518834
0 0.529318159487982 0.6574675092401081 0.48620562969631165 0.6027214311581893 0.45688747020832976 0.6258094781680814 0.5000000000000001 0.6805555562500002
0 0.5778868896996282 0.6214995458539568 0.5595587510391533 0.6011201481432034 0.5144843613395252 0.6416576397892466 0.5328125000000001 0.6620370375000001
0 0.6003783533730201 0.6532184280288995 0.5785962388886997 0.6128574521760124 0.5152156506973562 0.6470628498130633 0.5369977651816767 0.6874238256659504
0 0.6311385306966003 0.6533254090465473 0.5388193604865981 0.6467604855000795 0.5306041071016407 0.7622874021802025 0.622923277311643 0.7688523257266705
0 0.6791178512321682 0.6172876154677849 0.6542318684455234 0.5972144878464458 0.6120552224162716 0.6495036630503419 0.6369412052029164 0.669576790671681
0 0.7085652592739197 0.6318108266969188 0.6616149869234408 0.6099942591437499 0.622771564019667 0.6935871194739771 0.6697218363701459 0.715403687027146
0 0.7881599036171136 0.7619207003653206 0.7849479381487077 0.6362970367786638 0.6731838798387966 0.6391546376927837 0.6763958453072024 0.7647783012794405
0 0.781155343325159 0.6227945383760535 0.7239362378591385 0.5959730731337107 0.7043705786717076 0.6377131311969979 0.7615896841377281 0.6645345964393407
0 0.8514237440957583 0.6375256862357255 0.7840650978540045 0.6081421943348438 0.7446625237881129 0.6984685604615082 0.8120211700298668 0.7278520523623898
0 0.9409679732595663 0.7561544282905993 0.9357432355575949 0.6341894906918709 0.8180370097191183 0.6392317935700832 0.8232617474210897 0.7611967311688116