0 0.0576171875 0.590277778125 0.0751953125 0.6076388890625 0.087890625 0.6302083328125 0.08984375 0.644097221875 0.09375 0.644097221875 0.1083984375 0.625 0.1220703125 0.6145833328125 0.123046875 0.609375 0.1103515625 0.5868055562500001 0.0927734375 0.5729166671875 0.0693359375 0.5729166671875 0.056640625 0.5850694437499999 0.0576171875 0.590277778125
0 0 0.675347221875 0.00390625 0.675347221875 0.0244140625 0.6631944437499999 0.0302734375 0.65625 0.0458984375 0.652777778125 0.0478515625 0.6493055562500001 0.0712890625 0.6493055562500001 0.0732421875 0.652777778125 0.0869140625 0.65625 0.08984375 0.6510416671875 0.08984375 0.640625 0.087890625 0.6302083328125 0.0751953125 0.6076388890625 0.0634765625 0.59375 0.0380859375 0.5798611109375 0.0185546875 0.5833333328125 0 0.6024305562500001 0 0.675347221875
0 0 0.7100694437499999 0.0205078125 0.7256944437499999 0.0322265625 0.7395833328125 0.044921875 0.762152778125 0.052734375 0.7899305562500001 0.0595703125 0.8263888890625 0.12109375 0.824652778125 0.1328125 0.8072916671874999 0.13671875 0.793402778125 0.138671875 0.7829861109375 0.138671875 0.734375 0.1328125 0.7100694437499999 0.126953125 0.6961805562500001 0.1123046875 0.6770833328125 0.0869140625 0.65625 0.0673828125 0.652777778125 0.0654296875 0.6493055562500001 0.0517578125 0.6493055562500001 0.0498046875 0.652777778125 0.0400390625 0.652777778125 0.0263671875 0.6631944437499999 0.0087890625 0.6701388890625 0 0.6822916671875 0 0.7100694437499999
0 0.041015625 0.7552083328125 0.0224609375 0.7291666671875 0.0009765625 0.7118055562500001 0 0.9704861109375 0.00390625 0.9704861109375 0.0185546875 0.965277778125 0.0283203125 0.9548611109375 0.0390625 0.9357638890625 0.0546875 0.894097221875 0.056640625 0.8836805562500001 0.056640625 0.8142361109375 0.05078125 0.7829861109375 0.041015625 0.7552083328125
0 0.1376953125 0.6111111109375 0.1357421875 0.6145833328125 0.1220703125 0.6145833328125 0.1123046875 0.625 0.1083984375 0.625 0.1005859375 0.6354166671875 0.08984375 0.6579861109375 0.1103515625 0.6736111109375 0.1142578125 0.6805555562500001 0.1201171875 0.684027778125 0.12890625 0.699652778125 0.140625 0.7413194437499999 0.140625 0.7899305562500001 0.158203125 0.7899305562500001 0.1806640625 0.753472221875 0.21484375 0.7204861109375 0.21484375 0.703125 0.2109375 0.6857638890625 0.1845703125 0.6354166671875 0.1708984375 0.621527778125 0.1591796875 0.6145833328125 0.1376953125 0.6111111109375
0 0.1943359375 0.5868055562500001 0.1767578125 0.5868055562500001 0.1748046875 0.590277778125 0.1689453125 0.590277778125 0.1484375 0.609375 0.1513671875 0.6145833328125 0.1591796875 0.6145833328125 0.1708984375 0.621527778125 0.1923828125 0.6458333328125 0.208984375 0.6788194437499999 0.21484375 0.703125 0.21484375 0.7170138890625 0.220703125 0.7170138890625 0.2255859375 0.715277778125 0.2421875 0.6822916671875 0.2421875 0.6545138890625 0.240234375 0.644097221875 0.2275390625 0.6145833328125 0.2080078125 0.59375 0.1962890625 0.590277778125 0.1943359375 0.5868055562500001
0 0.1962890625 0.5763888890625 0.189453125 0.5850694437499999 0.2041015625 0.590277778125 0.2236328125 0.6076388890625 0.23828125 0.637152778125 0.244140625 0.675347221875 0.24609375 0.675347221875 0.25390625 0.6649305562500001 0.255859375 0.6545138890625 0.255859375 0.6197916671875 0.25 0.5989583328125 0.2392578125 0.5798611109375 0.2275390625 0.5694444437499999 0.2080078125 0.5694444437499999 0.1962890625 0.5763888890625
0 0.353515625 0.887152778125 0.353515625 0.8524305562500001 0.3359375 0.796875 0.3115234375 0.75 0.2998046875 0.7361111109375 0.2685546875 0.71875 0.2294921875 0.715277778125 0.2275390625 0.71875 0.2158203125 0.722222221875 0.1865234375 0.75 0.16015625 0.7899305562500001 0.146484375 0.824652778125 0.138671875 0.855902778125 0.138671875 0.8663194437499999 0.134765625 0.8836805562500001 0.134765625 0.9114583328125001 0.13671875 0.921875 0.146484375 0.956597221875 0.1494140625 0.9618055562500001 0.1533203125 0.9618055562500001 0.1669921875 0.9861111109375 0.1728515625 0.9895833328125001 0.19921875 0.987847221875 0.2568359375 0.9861111109375 0.2587890625 0.9826388890625 0.2880859375 0.9826388890625 0.2900390625 0.9791666671874999 0.2978515625 0.9791666671874999 0.3232421875 0.9618055562500001 0.345703125 0.925347221875 0.353515625 0.887152778125
0 0.3154296875 0.6493055562500001 0.2978515625 0.6493055562500001 0.2958984375 0.6458333328125 0.2919921875 0.6493055562500001 0.2783203125 0.6493055562500001 0.2666015625 0.65625 0.2490234375 0.6736111109375 0.23046875 0.706597221875 0.2314453125 0.715277778125 0.2392578125 0.715277778125 0.2412109375 0.7118055562500001 0.2666015625 0.715277778125 0.2685546875 0.71875 0.2763671875 0.71875 0.2939453125 0.7291666671875 0.3056640625 0.7395833328125 0.3154296875 0.753472221875 0.3359375 0.793402778125 0.349609375 0.8385416671874999 0.35546875 0.8385416671874999 0.365234375 0.8211805562500001 0.37109375 0.8038194437499999 0.373046875 0.793402778125 0.373046875 0.7482638890625 0.36328125 0.7100694437499999 0.35546875 0.6927083328125 0.3388671875 0.6666666671875 0.3154296875 0.6493055562500001
0 0.2958984375 0.6319444437499999 0.2890625 0.644097221875 0.2919921875 0.6493055562500001 0.3154296875 0.6493055562500001 0.3330078125 0.659722221875 0.3388671875 0.6701388890625 0.3466796875 0.6770833328125 0.357421875 0.6961805562500001 0.37109375 0.734375 0.373046875 0.7552083328125 0.37890625 0.7552083328125 0.390625 0.730902778125 0.392578125 0.7204861109375 0.392578125 0.6892361109375 0.384765625 0.6614583328125 0.3701171875 0.6354166671875 0.3427734375 0.6145833328125 0.3193359375 0.6145833328125 0.2958984375 0.6319444437499999
0 0.3125 0.6163194437499999 0.3427734375 0.6145833328125 0.3447265625 0.6180555562500001 0.3505859375 0.6180555562500001 0.3603515625 0.628472221875 0.3642578125 0.628472221875 0.384765625 0.6614583328125 0.392578125 0.6961805562500001 0.396484375 0.6961805562500001 0.40234375 0.6788194437499999 0.400390625 0.6475694437499999 0.39453125 0.6267361109375 0.3779296875 0.6006944437499999 0.3642578125 0.590277778125 0.3408203125 0.590277778125 0.3173828125 0.6076388890625 0.3125 0.6163194437499999
0 0.337890625 0.5885416671875 0.3642578125 0.590277778125 0.3779296875 0.6006944437499999 0.392578125 0.6232638890625 0.400390625 0.644097221875 0.40234375 0.671875 0.408203125 0.671875 0.412109375 0.6579861109375 0.412109375 0.6336805562500001 0.404296875 0.605902778125 0.3935546875 0.5868055562500001 0.3779296875 0.5729166671875 0.3583984375 0.5694444437499999 0.3427734375 0.5798611109375 0.337890625 0.5885416671875
0 0.80859375 0.859375 0.80859375 0.8489583328125001 0.794921875 0.800347221875 0.7802734375 0.7708333328125 0.7607421875 0.746527778125 0.7294921875 0.722222221875 0.7138671875 0.71875 0.7119140625 0.715277778125 0.7021484375 0.715277778125 0.7001953125 0.7118055562500001 0.6943359375 0.7118055562500001 0.6923828125 0.715277778125 0.6865234375 0.7118055562500001 0.6845703125 0.715277778125 0.6591796875 0.71875 0.6416015625 0.7326388890625 0.6376953125 0.7326388890625 0.611328125 0.7760416671875 0.599609375 0.8142361109375 0.599609375 0.824652778125 0.59375 0.855902778125 0.59375 0.8697916671874999 0.595703125 0.8732638890625 0.59765625 0.8975694437499999 0.60546875 0.925347221875 0.6162109375 0.9479166671874999 0.6259765625 0.9548611109375 0.6337890625 0.965277778125 0.6396484375 0.965277778125 0.6416015625 0.96875 0.6611328125 0.96875 0.6708984375 0.9756944437499999 0.6728515625 0.972222221875 0.6748046875 0.9756944437499999 0.748046875 0.9739583328125001 0.7880859375 0.972222221875 0.8056640625 0.9548611109375 0.810546875 0.9461805562500001 0.8125 0.9357638890625 0.8125 0.9045138890625 0.810546875 0.9010416671874999 0.810546875 0.862847221875 0.80859375 0.859375
0 0.6572265625 0.71875 0.6728515625 0.715277778125 0.6748046875 0.7118055562500001 0.697265625 0.7100694437499999 0.6826171875 0.6805555562500001 0.6708984375 0.6666666671875 0.6611328125 0.6631944437499999 0.6552734375 0.65625 0.6298828125 0.652777778125 0.6279296875 0.65625 0.6103515625 0.659722221875 0.5908203125 0.6770833328125 0.5703125 0.7100694437499999 0.560546875 0.7447916671875 0.560546875 0.7586805562500001 0.55859375 0.762152778125 0.560546875 0.8038194437499999 0.564453125 0.8177083328125001 0.5712890625 0.8298611109375 0.5771484375 0.8333333328125001 0.5908203125 0.8611111109375 0.59375 0.859375 0.59765625 0.8211805562500001 0.603515625 0.8038194437499999 0.603515625 0.796875 0.611328125 0.7795138890625 0.61328125 0.769097221875 0.6240234375 0.75 0.6376953125 0.7326388890625 0.6572265625 0.71875
0 0.5693359375 0.6180555562500001 0.5673828125 0.621527778125 0.5537109375 0.625 0.529296875 0.6510416671875 0.51953125 0.6822916671875 0.51953125 0.6927083328125 0.517578125 0.6961805562500001 0.517578125 0.7274305562500001 0.51953125 0.737847221875 0.5283203125 0.753472221875 0.5361328125 0.7604166671875 0.5478515625 0.7638888890625 0.5498046875 0.7673611109375 0.55859375 0.765625 0.560546875 0.7447916671875 0.568359375 0.7135416671875 0.5849609375 0.684027778125 0.6044921875 0.6631944437499999 0.623046875 0.6545138890625 0.6142578125 0.6354166671875 0.5908203125 0.6180555562500001 0.5693359375 0.6180555562500001
0 0.5400390625 0.6180555562500001 0.529296875 0.640625 0.5302734375 0.652777778125 0.5361328125 0.6423611109375 0.5595703125 0.621527778125 0.5673828125 0.621527778125 0.5693359375 0.6180555562500001 0.5908203125 0.6180555562500001 0.6103515625 0.6319444437499999 0.6240234375 0.652777778125 0.630859375 0.6510416671875 0.626953125 0.637152778125 0.6103515625 0.6076388890625 0.6005859375 0.597222221875 0.5849609375 0.59375 0.5830078125 0.590277778125 0.5634765625 0.59375 0.5537109375 0.6006944437499999 0.5400390625 0.6180555562500001
0 0.5869140625 0.5798611109375 0.5751953125 0.5763888890625 0.5732421875 0.5729166671875 0.5517578125 0.5763888890625 0.5400390625 0.5868055562500001 0.53125 0.6024305562500001 0.525390625 0.6232638890625 0.5234375 0.6510416671875 0.5263671875 0.65625 0.52734375 0.6545138890625 0.533203125 0.6302083328125 0.5537109375 0.6006944437499999 0.5634765625 0.59375 0.5751953125 0.59375 0.5771484375 0.590277778125 0.5830078125 0.59375 0.59375 0.5920138890625 0.5869140625 0.5798611109375
0 1 0.7204861109375 0.9970703125 0.715277778125 0.9619140625 0.715277778125 0.9599609375 0.71875 0.9384765625 0.722222221875 0.9248046875 0.7326388890625 0.9189453125 0.7326388890625 0.873046875 0.7795138890625 0.87109375 0.7899305562500001 0.865234375 0.800347221875 0.857421875 0.824652778125 0.85546875 0.8350694437499999 0.85546875 0.859375 0.859375 0.8732638890625 0.8798828125 0.9131944437499999 0.8916015625 0.9270833328125001 0.9306640625 0.9583333328125001 0.9443359375 0.9583333328125001 0.9462890625 0.9618055562500001 0.9599609375 0.9618055562500001 0.9619140625 0.965277778125 1 0.9635416671874999 1 0.7204861109375
0 0.9013671875 0.6701388890625 0.8857421875 0.65625 0.8662109375 0.6493055562500001 0.8642578125 0.6458333328125 0.8408203125 0.6458333328125 0.8291015625 0.652777778125 0.8115234375 0.6701388890625 0.787109375 0.7204861109375 0.783203125 0.737847221875 0.783203125 0.7552083328125 0.78125 0.7586805562500001 0.783203125 0.7725694437499999 0.794921875 0.796875 0.8056640625 0.8333333328125001 0.8173828125 0.840277778125 0.8369140625 0.84375 0.8388671875 0.847222221875 0.8515625 0.8454861109375 0.86328125 0.8038194437499999 0.8759765625 0.7743055562500001 0.8818359375 0.7708333328125 0.9013671875 0.746527778125 0.931640625 0.7239583328125 0.931640625 0.7170138890625 0.9130859375 0.684027778125 0.9013671875 0.6701388890625
0 0.7900390625 0.6180555562500001 0.7880859375 0.6145833328125 0.7666015625 0.6145833328125 0.7509765625 0.625 0.748046875 0.6336805562500001 0.73046875 0.6614583328125 0.724609375 0.6892361109375 0.724609375 0.7135416671875 0.7333984375 0.7256944437499999 0.7373046875 0.7256944437499999 0.7587890625 0.7430555562500001 0.7744140625 0.7638888890625 0.7783203125 0.7673611109375 0.78125 0.765625 0.783203125 0.734375 0.7890625 0.7135416671875 0.8115234375 0.6701388890625 0.8271484375 0.65625 0.828125 0.6475694437499999 0.8134765625 0.628472221875 0.7978515625 0.6180555562500001 0.7900390625 0.6180555562500001
0 0.7451171875 0.597222221875 0.7177734375 0.597222221875 0.7119140625 0.6006944437499999 0.6982421875 0.6145833328125 0.6875 0.6336805562500001 0.6796875 0.6579861109375 0.677734375 0.671875 0.7001953125 0.7118055562500001 0.7197265625 0.715277778125 0.7216796875 0.71875 0.724609375 0.7170138890625 0.724609375 0.6857638890625 0.73046875 0.6614583328125 0.736328125 0.6475694437499999 0.7509765625 0.625 0.76171875 0.6163194437499999 0.7587890625 0.6076388890625 0.7509765625 0.6006944437499999 0.7451171875 0.597222221875
0 0.6611328125 0.5798611109375 0.6513671875 0.590277778125 0.638671875 0.612847221875 0.634765625 0.6267361109375 0.6328125 0.6475694437499999 0.6357421875 0.652777778125 0.6572265625 0.65625 0.6728515625 0.6701388890625 0.677734375 0.668402778125 0.6875 0.6336805562500001 0.6982421875 0.6145833328125 0.7109375 0.6024305562500001 0.7041015625 0.5868055562500001 0.6923828125 0.5763888890625 0.6767578125 0.5729166671875 0.6748046875 0.5763888890625 0.6611328125 0.5798611109375
0 0.7998046875 0.6180555562500001 0.82421875 0.637152778125 0.82421875 0.6336805562500001 0.841796875 0.605902778125 0.841796875 0.5989583328125 0.8212890625 0.5798611109375 0.7939453125 0.5798611109375 0.7763671875 0.59375 0.765625 0.612847221875 0.7998046875 0.6180555562500001
0 0.82421875 0.637152778125 0.8291015625 0.6493055562500001 0.8349609375 0.6493055562500001 0.8369140625 0.6458333328125 0.8662109375 0.6458333328125 0.8818359375 0.65625 0.88671875 0.6545138890625 0.8974609375 0.6319444437499999 0.912109375 0.6163194437499999 0.8994140625 0.597222221875 0.8876953125 0.590277778125 0.8583984375 0.590277778125 0.8525390625 0.59375 0.8388671875 0.6076388890625 0.82421875 0.637152778125
0 0.9423828125 0.6145833328125 0.9208984375 0.6145833328125 0.9189453125 0.6180555562500001 0.9130859375 0.6180555562500001 0.8974609375 0.6319444437499999 0.888671875 0.6475694437499999 0.88671875 0.6545138890625 0.8896484375 0.659722221875 0.9130859375 0.684027778125 0.9248046875 0.7013888890625 0.9345703125 0.722222221875 0.939453125 0.7204861109375 0.9501953125 0.71875 0.9521484375 0.715277778125 0.9990234375 0.715277778125 1 0.671875 0.9775390625 0.6354166671875 0.9599609375 0.621527778125 0.9443359375 0.6180555562500001 0.9423828125 0.6145833328125