0 0.0810546875 0.5763888890625 0.0791015625 0.5798611109375 0.0693359375 0.5798611109375 0.0576171875 0.5868055562500001 0.0546875 0.5954861109375 0.0654296875 0.6076388890625 0.078125 0.6302083328125 0.0849609375 0.652777778125 0.087890625 0.6510416671875 0.0966796875 0.6354166671875 0.1083984375 0.625 0.1201171875 0.621527778125 0.12109375 0.609375 0.1044921875 0.5868055562500001 0.0947265625 0.5798611109375 0.0849609375 0.5798611109375 0.0810546875 0.5763888890625
0 0 0.6857638890625 0.00390625 0.6857638890625 0.0166015625 0.6736111109375 0.0302734375 0.6701388890625 0.0322265625 0.6666666671875 0.0458984375 0.6666666671875 0.0478515625 0.6631944437499999 0.0810546875 0.6631944437499999 0.083984375 0.6510416671875 0.078125 0.6302083328125 0.0654296875 0.6076388890625 0.0595703125 0.6041666671875 0.0556640625 0.597222221875 0.0517578125 0.597222221875 0.0458984375 0.590277778125 0.0224609375 0.5868055562500001 0.0205078125 0.590277778125 0.0087890625 0.59375 0 0.605902778125 0 0.6857638890625
0 0 0.7239583328125 0.029296875 0.7586805562500001 0.037109375 0.7760416671875 0.037109375 0.7829861109375 0.04296875 0.8038194437499999 0.044921875 0.824652778125 0.0478515625 0.8298611109375 0.0556640625 0.8298611109375 0.0576171875 0.8263888890625 0.0595703125 0.8298611109375 0.0654296875 0.8298611109375 0.0673828125 0.8263888890625 0.0712890625 0.8298611109375 0.11328125 0.828125 0.1220703125 0.8263888890625 0.130859375 0.8107638890625 0.134765625 0.793402778125 0.134765625 0.7552083328125 0.126953125 0.7170138890625 0.1123046875 0.690972221875 0.0986328125 0.6770833328125 0.0810546875 0.6701388890625 0.0791015625 0.6666666671875 0.0341796875 0.6666666671875 0.0322265625 0.6701388890625 0.0244140625 0.6701388890625 0.0126953125 0.6770833328125 0 0.6927083328125 0 0.7239583328125
0 0 0.9739583328125001 0.001953125 0.9739583328125001 0.0146484375 0.96875 0.02734375 0.949652778125 0.03125 0.9322916671874999 0.0390625 0.918402778125 0.044921875 0.890625 0.044921875 0.8420138890625 0.04296875 0.8385416671874999 0.04296875 0.8072916671874999 0.0390625 0.7864583328125 0.03515625 0.7725694437499999 0.0224609375 0.75 0.0029296875 0.7291666671875 0 0.730902778125 0 0.9739583328125001
0 0.1533203125 0.625 0.1474609375 0.625 0.1455078125 0.621527778125 0.1181640625 0.621527778125 0.1005859375 0.6319444437499999 0.0947265625 0.6388888890625 0.08203125 0.6649305562500001 0.0849609375 0.6701388890625 0.0947265625 0.6736111109375 0.1064453125 0.684027778125 0.1181640625 0.6979166671875 0.12890625 0.7204861109375 0.134765625 0.7517361109375 0.13671875 0.7864583328125 0.1396484375 0.7916666671875 0.154296875 0.7899305562500001 0.1728515625 0.7638888890625 0.197265625 0.737847221875 0.197265625 0.706597221875 0.193359375 0.6892361109375 0.1767578125 0.6493055562500001 0.1669921875 0.6354166671875 0.1630859375 0.6354166671875 0.1533203125 0.625
0 0.2158203125 0.6076388890625 0.1982421875 0.59375 0.1806640625 0.590277778125 0.1787109375 0.59375 0.1689453125 0.59375 0.1513671875 0.6076388890625 0.14453125 0.6197916671875 0.1474609375 0.625 0.1533203125 0.625 0.1669921875 0.6354166671875 0.181640625 0.6579861109375 0.1953125 0.6961805562500001 0.197265625 0.7274305562500001 0.2001953125 0.7326388890625 0.205078125 0.730902778125 0.2275390625 0.71875 0.236328125 0.699652778125 0.236328125 0.675347221875 0.23828125 0.671875 0.236328125 0.668402778125 0.236328125 0.6545138890625 0.228515625 0.6302083328125 0.2158203125 0.6076388890625
0 0.2060546875 0.5763888890625 0.1962890625 0.5833333328125 0.19140625 0.5920138890625 0.1923828125 0.59375 0.1982421875 0.59375 0.2041015625 0.6006944437499999 0.2080078125 0.6006944437499999 0.2197265625 0.6111111109375 0.224609375 0.6197916671875 0.236328125 0.6545138890625 0.23828125 0.6857638890625 0.2421875 0.6857638890625 0.251953125 0.671875 0.25390625 0.6510416671875 0.255859375 0.6475694437499999 0.255859375 0.6197916671875 0.248046875 0.5989583328125 0.2392578125 0.5833333328125 0.2216796875 0.5729166671875 0.2060546875 0.5763888890625
0 0.3408203125 0.5833333328125 0.33203125 0.5989583328125 0.3662109375 0.597222221875 0.3779296875 0.6076388890625 0.3837890625 0.6145833328125 0.392578125 0.6336805562500001 0.3984375 0.6579861109375 0.3984375 0.668402778125 0.4013671875 0.6736111109375 0.404296875 0.671875 0.408203125 0.6649305562500001 0.41015625 0.6545138890625 0.408203125 0.6302083328125 0.400390625 0.605902778125 0.3857421875 0.5833333328125 0.3681640625 0.5729166671875 0.3544921875 0.5729166671875 0.3408203125 0.5833333328125
0 0.3125 0.6232638890625 0.3427734375 0.621527778125 0.3642578125 0.6354166671875 0.384765625 0.668402778125 0.390625 0.699652778125 0.396484375 0.699652778125 0.400390625 0.6857638890625 0.396484375 0.6475694437499999 0.384765625 0.6163194437499999 0.3779296875 0.6076388890625 0.3662109375 0.597222221875 0.3369140625 0.597222221875 0.3173828125 0.6145833328125 0.3125 0.6232638890625
0 0.3427734375 0.621527778125 0.3212890625 0.621527778125 0.3017578125 0.6354166671875 0.291015625 0.6545138890625 0.3173828125 0.659722221875 0.3388671875 0.6770833328125 0.353515625 0.703125 0.361328125 0.7239583328125 0.369140625 0.765625 0.375 0.765625 0.388671875 0.7482638890625 0.392578125 0.7274305562500001 0.392578125 0.703125 0.384765625 0.668402778125 0.3701171875 0.6423611109375 0.3564453125 0.628472221875 0.3447265625 0.625 0.3427734375 0.621527778125
0 0.3232421875 0.6631944437499999 0.3173828125 0.6631944437499999 0.3076171875 0.65625 0.2802734375 0.65625 0.2548828125 0.6736111109375 0.2392578125 0.6944444437499999 0.232421875 0.7100694437499999 0.23046875 0.7170138890625 0.2333984375 0.722222221875 0.2666015625 0.7256944437499999 0.2685546875 0.7291666671875 0.2822265625 0.7326388890625 0.3056640625 0.753472221875 0.31640625 0.7725694437499999 0.326171875 0.796875 0.33984375 0.8454861109375 0.345703125 0.8454861109375 0.3525390625 0.840277778125 0.361328125 0.824652778125 0.369140625 0.7899305562500001 0.369140625 0.765625 0.361328125 0.7239583328125 0.3515625 0.699652778125 0.3388671875 0.6770833328125 0.3232421875 0.6631944437499999
0 0.3095703125 0.7604166671875 0.2958984375 0.7430555562500001 0.2919921875 0.7430555562500001 0.2802734375 0.7326388890625 0.2744140625 0.7326388890625 0.2646484375 0.7256944437499999 0.2529296875 0.7256944437499999 0.2509765625 0.722222221875 0.2255859375 0.722222221875 0.1962890625 0.7395833328125 0.1669921875 0.7743055562500001 0.15234375 0.800347221875 0.146484375 0.8177083328125001 0.134765625 0.8767361109375 0.134765625 0.9045138890625 0.142578125 0.9461805562500001 0.146484375 0.9600694437499999 0.1611328125 0.9826388890625 0.1708984375 0.9826388890625 0.1728515625 0.9861111109375 0.19921875 0.984375 0.2841796875 0.9791666671874999 0.3115234375 0.9583333328125001 0.328125 0.9357638890625 0.341796875 0.8975694437499999 0.34375 0.887152778125 0.34375 0.862847221875 0.33203125 0.8142361109375 0.3095703125 0.7604166671875
0 0.7509765625 0.753472221875 0.7138671875 0.7291666671875 0.7041015625 0.7291666671875 0.7021484375 0.7256944437499999 0.6650390625 0.7291666671875 0.6357421875 0.746527778125 0.6171875 0.7760416671875 0.607421875 0.800347221875 0.60546875 0.824652778125 0.6015625 0.8385416671874999 0.599609375 0.890625 0.61328125 0.9392361109375 0.6259765625 0.9618055562500001 0.6298828125 0.9618055562500001 0.6416015625 0.972222221875 0.6748046875 0.972222221875 0.6767578125 0.9756944437499999 0.6826171875 0.972222221875 0.6904296875 0.972222221875 0.6923828125 0.9756944437499999 0.7021484375 0.9756944437499999 0.7041015625 0.972222221875 0.728515625 0.9739583328125001 0.7919921875 0.972222221875 0.7998046875 0.965277778125 0.806640625 0.953125 0.80859375 0.9461805562500001 0.80859375 0.8767361109375 0.791015625 0.8072916671874999 0.7783203125 0.784722221875 0.7509765625 0.753472221875
0 0.6708984375 0.7256944437499999 0.69140625 0.7239583328125 0.6875 0.706597221875 0.6787109375 0.690972221875 0.6708984375 0.6805555562500001 0.6474609375 0.6631944437499999 0.6259765625 0.6631944437499999 0.6240234375 0.6666666671875 0.6083984375 0.6701388890625 0.5908203125 0.684027778125 0.5703125 0.7135416671875 0.560546875 0.7517361109375 0.560546875 0.769097221875 0.55859375 0.7725694437499999 0.55859375 0.7899305562500001 0.556640625 0.796875 0.564453125 0.824652778125 0.5732421875 0.8368055562500001 0.5830078125 0.8576388890625 0.5888671875 0.8611111109375 0.599609375 0.859375 0.607421875 0.800347221875 0.611328125 0.793402778125 0.61328125 0.7829861109375 0.6298828125 0.753472221875 0.6416015625 0.7395833328125 0.6533203125 0.7326388890625 0.6689453125 0.7291666671875 0.6708984375 0.7256944437499999
0 0.6142578125 0.6354166671875 0.6005859375 0.625 0.5712890625 0.625 0.5537109375 0.6354166671875 0.5419921875 0.6493055562500001 0.529296875 0.671875 0.529296875 0.6822916671875 0.525390625 0.6961805562500001 0.525390625 0.734375 0.5341796875 0.753472221875 0.5419921875 0.7604166671875 0.5478515625 0.7638888890625 0.560546875 0.762152778125 0.560546875 0.7517361109375 0.568359375 0.7170138890625 0.5791015625 0.6979166671875 0.6064453125 0.6701388890625 0.6279296875 0.6631944437499999 0.62890625 0.6579861109375 0.626953125 0.6510416671875 0.6142578125 0.6354166671875
0 0.6220703125 0.6458333328125 0.623046875 0.640625 0.6064453125 0.6111111109375 0.5986328125 0.6041666671875 0.5927734375 0.6006944437499999 0.5634765625 0.6006944437499999 0.5498046875 0.6111111109375 0.537109375 0.6302083328125 0.52734375 0.6614583328125 0.52734375 0.671875 0.53125 0.671875 0.5458984375 0.6423611109375 0.5576171875 0.6319444437499999 0.5712890625 0.628472221875 0.5732421875 0.625 0.6005859375 0.625 0.6123046875 0.6319444437499999 0.6201171875 0.6458333328125 0.6220703125 0.6458333328125
0 0.5712890625 0.5798611109375 0.5517578125 0.5798611109375 0.5380859375 0.590277778125 0.53125 0.6024305562500001 0.5234375 0.6267361109375 0.521484375 0.6614583328125 0.5263671875 0.6701388890625 0.52734375 0.668402778125 0.529296875 0.6649305562500001 0.529296875 0.6545138890625 0.537109375 0.6302083328125 0.5537109375 0.6076388890625 0.5634765625 0.6006944437499999 0.58984375 0.5989583328125 0.5830078125 0.5868055562500001 0.5712890625 0.5798611109375
0 0.6669921875 0.5798611109375 0.6533203125 0.590277778125 0.638671875 0.612847221875 0.6328125 0.640625 0.6328125 0.6510416671875 0.6376953125 0.6631944437499999 0.6552734375 0.6666666671875 0.6689453125 0.6770833328125 0.6728515625 0.684027778125 0.677734375 0.6822916671875 0.677734375 0.675347221875 0.69140625 0.6302083328125 0.6982421875 0.6180555562500001 0.708984375 0.609375 0.708984375 0.6024305562500001 0.7060546875 0.597222221875 0.6884765625 0.5798611109375 0.6669921875 0.5798611109375
0 0.7607421875 0.6145833328125 0.7529296875 0.6076388890625 0.7412109375 0.6041666671875 0.7392578125 0.6006944437499999 0.7197265625 0.6006944437499999 0.7080078125 0.6076388890625 0.693359375 0.6267361109375 0.6796875 0.668402778125 0.677734375 0.6857638890625 0.6943359375 0.722222221875 0.724609375 0.730902778125 0.7265625 0.7274305562500001 0.724609375 0.7204861109375 0.724609375 0.6961805562500001 0.73046875 0.671875 0.73828125 0.6510416671875 0.7490234375 0.6319444437499999 0.763671875 0.6232638890625 0.7607421875 0.6145833328125
0 0.7919921875 0.625 0.7685546875 0.621527778125 0.7666015625 0.625 0.7529296875 0.628472221875 0.740234375 0.6475694437499999 0.7265625 0.6892361109375 0.724609375 0.699652778125 0.7265625 0.730902778125 0.7314453125 0.7395833328125 0.7353515625 0.7395833328125 0.7412109375 0.746527778125 0.7451171875 0.746527778125 0.7490234375 0.753472221875 0.7529296875 0.753472221875 0.7724609375 0.777777778125 0.787109375 0.7899305562500001 0.7890625 0.7517361109375 0.798828125 0.7170138890625 0.798828125 0.7100694437499999 0.8212890625 0.6701388890625 0.8251953125 0.6701388890625 0.826171875 0.6614583328125 0.8095703125 0.6354166671875 0.7919921875 0.625
0 0.93359375 0.730902778125 0.9287109375 0.71875 0.9169921875 0.7048611109375 0.9072265625 0.6875 0.8818359375 0.6631944437499999 0.8681640625 0.659722221875 0.8662109375 0.65625 0.8427734375 0.65625 0.8408203125 0.659722221875 0.8291015625 0.6631944437499999 0.8173828125 0.6770833328125 0.802734375 0.703125 0.796875 0.7274305562500001 0.79296875 0.734375 0.7890625 0.7552083328125 0.7890625 0.793402778125 0.796875 0.8211805562500001 0.8095703125 0.8368055562500001 0.8134765625 0.8368055562500001 0.8193359375 0.84375 0.8388671875 0.847222221875 0.8408203125 0.8506944437499999 0.865234375 0.8489583328125001 0.87109375 0.828125 0.87109375 0.8107638890625 0.8779296875 0.7986111109375 0.9111328125 0.753472221875 0.9150390625 0.753472221875 0.9248046875 0.7430555562500001 0.9326171875 0.7395833328125 0.93359375 0.730902778125
0 0.8818359375 0.7986111109375 0.873046875 0.8072916671874999 0.873046875 0.824652778125 0.865234375 0.8524305562500001 0.865234375 0.887152778125 0.8759765625 0.909722221875 0.9033203125 0.934027778125 0.9189453125 0.9548611109375 0.9306640625 0.9618055562500001 0.9443359375 0.9618055562500001 0.9462890625 0.965277778125 0.9638671875 0.965277778125 0.9658203125 0.9618055562500001 0.9697265625 0.965277778125 0.9736328125 0.9618055562500001 0.9775390625 0.965277778125 0.9794921875 0.9618055562500001 0.9853515625 0.9618055562500001 0.9873046875 0.965277778125 0.9892578125 0.9618055562500001 0.9912109375 0.965277778125 1 0.9635416671874999 0.9990234375 0.7291666671875 0.9580078125 0.7291666671875 0.9560546875 0.7326388890625 0.9443359375 0.7326388890625 0.9267578125 0.7430555562500001 0.9130859375 0.7569444437499999 0.9052734375 0.7604166671875 0.8818359375 0.7986111109375
0 0.9462890625 0.621527778125 0.9287109375 0.621527778125 0.9091796875 0.6354166671875 0.9033203125 0.6423611109375 0.890625 0.668402778125 0.9248046875 0.7118055562500001 0.9365234375 0.7361111109375 0.939453125 0.734375 0.9482421875 0.7291666671875 0.9716796875 0.7291666671875 0.9736328125 0.7256944437499999 0.9990234375 0.7291666671875 1 0.668402778125 0.9755859375 0.6354166671875 0.9482421875 0.625 0.9462890625 0.621527778125
0 0.8447265625 0.6076388890625 0.826171875 0.644097221875 0.826171875 0.6579861109375 0.8291015625 0.6631944437499999 0.8408203125 0.65625 0.8681640625 0.65625 0.8837890625 0.6666666671875 0.890625 0.6649305562500001 0.9033203125 0.6423611109375 0.916015625 0.6267361109375 0.9072265625 0.6111111109375 0.8955078125 0.6006944437499999 0.8818359375 0.597222221875 0.8798828125 0.59375 0.8583984375 0.597222221875 0.8447265625 0.6076388890625
0 0.771484375 0.6163194437499999 0.7724609375 0.621527778125 0.7998046875 0.628472221875 0.8134765625 0.6388888890625 0.8212890625 0.652777778125 0.82421875 0.6510416671875 0.830078125 0.6336805562500001 0.845703125 0.605902778125 0.8427734375 0.597222221875 0.8310546875 0.5868055562500001 0.8251953125 0.5833333328125 0.7978515625 0.5833333328125 0.7802734375 0.597222221875 0.771484375 0.6163194437499999