0 0.0693359375 0.5798611109375 0.0546875 0.5920138890625 0.0576171875 0.6006944437499999 0.0615234375 0.6006944437499999 0.080078125 0.6302083328125 0.0869140625 0.652777778125 0.08984375 0.6510416671875 0.1005859375 0.6354166671875 0.1123046875 0.625 0.1220703125 0.621527778125 0.123046875 0.6163194437499999 0.119140625 0.605902778125 0.1103515625 0.59375 0.0947265625 0.5798611109375 0.0693359375 0.5798611109375
0 0 0.6857638890625 0.001953125 0.6857638890625 0.0185546875 0.6701388890625 0.0244140625 0.6701388890625 0.0263671875 0.6666666671875 0.0361328125 0.6666666671875 0.0380859375 0.6631944437499999 0.0810546875 0.6631944437499999 0.0859375 0.6545138890625 0.078125 0.6267361109375 0.0634765625 0.6041666671875 0.0458984375 0.590277778125 0.0224609375 0.5868055562500001 0.0205078125 0.590277778125 0.0087890625 0.59375 0 0.605902778125 0 0.6857638890625
0 0 0.7239583328125 0.0068359375 0.7256944437499999 0.0185546875 0.7361111109375 0.03515625 0.7586805562500001 0.044921875 0.7829861109375 0.0537109375 0.8368055562500001 0.119140625 0.8350694437499999 0.126953125 0.824652778125 0.134765625 0.8038194437499999 0.134765625 0.793402778125 0.13671875 0.7899305562500001 0.13671875 0.7482638890625 0.130859375 0.7204861109375 0.1083984375 0.684027778125 0.0771484375 0.6631944437499999 0.0400390625 0.6631944437499999 0.0380859375 0.6666666671875 0.0205078125 0.6701388890625 0 0.6892361109375 0 0.7239583328125
0 0.05078125 0.8177083328125001 0.048828125 0.8142361109375 0.048828125 0.800347221875 0.041015625 0.7725694437499999 0.0205078125 0.7395833328125 0.0009765625 0.7256944437499999 0 0.9739583328125001 0.01171875 0.9739583328125001 0.0224609375 0.965277778125 0.033203125 0.9461805562500001 0.03515625 0.9357638890625 0.041015625 0.925347221875 0.048828125 0.9010416671874999 0.048828125 0.890625 0.05078125 0.887152778125 0.05078125 0.8177083328125001
0 0.345703125 0.9010416671874999 0.34765625 0.8663194437499999 0.33203125 0.8072916671874999 0.32421875 0.7864583328125 0.3056640625 0.753472221875 0.2998046875 0.75 0.2958984375 0.7430555562500001 0.2724609375 0.7291666671875 0.2490234375 0.7256944437499999 0.2470703125 0.722222221875 0.2412109375 0.722222221875 0.2392578125 0.7256944437499999 0.2373046875 0.722222221875 0.2353515625 0.7256944437499999 0.2216796875 0.7256944437499999 0.2197265625 0.7291666671875 0.2080078125 0.7326388890625 0.1884765625 0.75 0.1708984375 0.7708333328125 0.15234375 0.8038194437499999 0.140625 0.8420138890625 0.13671875 0.8732638890625 0.134765625 0.8767361109375 0.134765625 0.9114583328125001 0.142578125 0.953125 0.1513671875 0.972222221875 0.1650390625 0.9895833328125001 0.234375 0.987847221875 0.2783203125 0.9861111109375 0.2802734375 0.9826388890625 0.2880859375 0.9826388890625 0.2958984375 0.9756944437499999 0.3017578125 0.9756944437499999 0.3212890625 0.9583333328125001 0.337890625 0.9288194437499999 0.345703125 0.9010416671874999
0 0.3388671875 0.6770833328125 0.3330078125 0.6736111109375 0.3291015625 0.6666666671875 0.3095703125 0.659722221875 0.3076171875 0.65625 0.2841796875 0.65625 0.2822265625 0.659722221875 0.2685546875 0.6631944437499999 0.2490234375 0.6805555562500001 0.232421875 0.7100694437499999 0.23046875 0.7204861109375 0.2353515625 0.7256944437499999 0.2373046875 0.722222221875 0.2666015625 0.7256944437499999 0.2919921875 0.7395833328125 0.3056640625 0.753472221875 0.3134765625 0.7638888890625 0.326171875 0.7899305562500001 0.337890625 0.831597221875 0.341796875 0.8385416671874999 0.341796875 0.8454861109375 0.3447265625 0.8506944437499999 0.34765625 0.8489583328125001 0.365234375 0.8211805562500001 0.369140625 0.8072916671874999 0.369140625 0.7899305562500001 0.37109375 0.7864583328125 0.369140625 0.7725694437499999 0.37109375 0.762152778125 0.361328125 0.7170138890625 0.3388671875 0.6770833328125
0 0.3017578125 0.6354166671875 0.2890625 0.6545138890625 0.3173828125 0.659722221875 0.3388671875 0.6770833328125 0.3466796875 0.6875 0.361328125 0.7170138890625 0.369140625 0.7447916671875 0.37109375 0.765625 0.375 0.765625 0.388671875 0.7482638890625 0.392578125 0.734375 0.39453125 0.7100694437499999 0.388671875 0.6788194437499999 0.3701171875 0.6423611109375 0.3486328125 0.625 0.3271484375 0.621527778125 0.3017578125 0.6354166671875
0 0.3173828125 0.6145833328125 0.310546875 0.6267361109375 0.3154296875 0.628472221875 0.3271484375 0.621527778125 0.3388671875 0.621527778125 0.3408203125 0.625 0.3544921875 0.628472221875 0.3701171875 0.6423611109375 0.3798828125 0.65625 0.388671875 0.6788194437499999 0.390625 0.6961805562500001 0.3935546875 0.7013888890625 0.396484375 0.699652778125 0.400390625 0.6892361109375 0.3984375 0.6475694437499999 0.392578125 0.6302083328125 0.3818359375 0.6111111109375 0.3720703125 0.6006944437499999 0.3662109375 0.597222221875 0.3388671875 0.597222221875 0.3173828125 0.6145833328125
0 0.3525390625 0.5798611109375 0.3466796875 0.5798611109375 0.333984375 0.5989583328125 0.3662109375 0.597222221875 0.3759765625 0.6041666671875 0.390625 0.6267361109375 0.396484375 0.640625 0.400390625 0.671875 0.4033203125 0.6770833328125 0.40625 0.675347221875 0.41015625 0.6649305562500001 0.41015625 0.637152778125 0.408203125 0.6267361109375 0.40234375 0.609375 0.3876953125 0.5868055562500001 0.3720703125 0.5763888890625 0.3544921875 0.5763888890625 0.3525390625 0.5798611109375
0 0.5556640625 0.5798611109375 0.5400390625 0.590277778125 0.529296875 0.609375 0.5234375 0.6336805562500001 0.521484375 0.6579861109375 0.5234375 0.6649305562500001 0.5263671875 0.6701388890625 0.52734375 0.668402778125 0.529296875 0.6475694437499999 0.53515625 0.6336805562500001 0.5498046875 0.6111111109375 0.5693359375 0.597222221875 0.58984375 0.5954861109375 0.5810546875 0.5833333328125 0.5751953125 0.5798611109375 0.5556640625 0.5798611109375
0 0.5986328125 0.625 0.6142578125 0.6354166671875 0.6240234375 0.6493055562500001 0.6259765625 0.6493055562500001 0.626953125 0.644097221875 0.6103515625 0.6111111109375 0.5986328125 0.6006944437499999 0.5927734375 0.6006944437499999 0.5908203125 0.597222221875 0.5673828125 0.597222221875 0.5517578125 0.6076388890625 0.533203125 0.637152778125 0.52734375 0.6579861109375 0.52734375 0.668402778125 0.529296875 0.668402778125 0.5419921875 0.6458333328125 0.5478515625 0.6423611109375 0.5517578125 0.6354166671875 0.5556640625 0.6354166671875 0.5615234375 0.628472221875 0.5693359375 0.628472221875 0.5712890625 0.625 0.5986328125 0.625
0 0.6005859375 0.625 0.5693359375 0.625 0.5478515625 0.6388888890625 0.5322265625 0.659722221875 0.5234375 0.6892361109375 0.521484375 0.730902778125 0.525390625 0.7447916671875 0.5322265625 0.7569444437499999 0.5439453125 0.7673611109375 0.556640625 0.769097221875 0.568359375 0.7170138890625 0.5830078125 0.690972221875 0.5986328125 0.6736111109375 0.6162109375 0.6631944437499999 0.6279296875 0.6631944437499999 0.630859375 0.6579861109375 0.62890625 0.6510416671875 0.6005859375 0.625
0 0.69140625 0.7100694437499999 0.6787109375 0.6875 0.6611328125 0.6701388890625 0.6494140625 0.6631944437499999 0.6181640625 0.6631944437499999 0.5947265625 0.6770833328125 0.5830078125 0.690972221875 0.5703125 0.7135416671875 0.560546875 0.7482638890625 0.556640625 0.796875 0.564453125 0.828125 0.5712890625 0.8368055562500001 0.5849609375 0.8645833328125001 0.595703125 0.862847221875 0.59765625 0.859375 0.599609375 0.831597221875 0.609375 0.793402778125 0.6318359375 0.75 0.6455078125 0.7361111109375 0.6572265625 0.7291666671875 0.693359375 0.7239583328125 0.69140625 0.7100694437499999
0 0.80078125 0.8420138890625 0.80078125 0.831597221875 0.796875 0.8177083328125001 0.7841796875 0.7881944437499999 0.7626953125 0.7604166671875 0.7392578125 0.7395833328125 0.7216796875 0.7291666671875 0.7138671875 0.7291666671875 0.7119140625 0.7256944437499999 0.6728515625 0.7256944437499999 0.6708984375 0.7291666671875 0.6611328125 0.7291666671875 0.6591796875 0.7326388890625 0.6474609375 0.7361111109375 0.6279296875 0.7569444437499999 0.615234375 0.7795138890625 0.607421875 0.800347221875 0.59765625 0.8524305562500001 0.59765625 0.890625 0.599609375 0.894097221875 0.599609375 0.9045138890625 0.609375 0.9357638890625 0.6240234375 0.9618055562500001 0.6318359375 0.96875 0.6455078125 0.972222221875 0.6474609375 0.9756944437499999 0.701171875 0.9774305562500001 0.7919921875 0.9756944437499999 0.7958984375 0.972222221875 0.8017578125 0.965277778125 0.810546875 0.9461805562500001 0.810546875 0.8802083328125001 0.80859375 0.8767361109375 0.806640625 0.855902778125 0.80078125 0.8420138890625
0 0.9345703125 0.7395833328125 0.9287109375 0.7395833328125 0.9228515625 0.746527778125 0.9052734375 0.7569444437499999 0.873046875 0.800347221875 0.87109375 0.8177083328125001 0.865234375 0.831597221875 0.861328125 0.8524305562500001 0.861328125 0.8802083328125001 0.865234375 0.894097221875 0.8759765625 0.909722221875 0.8955078125 0.934027778125 0.9033203125 0.9375 0.9130859375 0.9513888890625 0.9267578125 0.9618055562500001 0.9326171875 0.9618055562500001 0.9345703125 0.965277778125 0.9599609375 0.965277778125 0.9619140625 0.96875 0.9658203125 0.965277778125 0.9697265625 0.96875 1 0.9670138890625 0.9990234375 0.7291666671875 0.9814453125 0.7291666671875 0.9755859375 0.7256944437499999 0.9736328125 0.7291666671875 0.9521484375 0.7291666671875 0.9501953125 0.7326388890625 0.9423828125 0.7326388890625 0.9345703125 0.7395833328125
0 0.935546875 0.730902778125 0.931640625 0.7204861109375 0.9072265625 0.6805555562500001 0.8818359375 0.659722221875 0.8525390625 0.652777778125 0.8505859375 0.65625 0.8388671875 0.65625 0.8271484375 0.6631944437499999 0.8134765625 0.6770833328125 0.794921875 0.7170138890625 0.787109375 0.7482638890625 0.787109375 0.769097221875 0.78515625 0.7725694437499999 0.787109375 0.7760416671875 0.7890625 0.796875 0.794921875 0.8072916671874999 0.798828125 0.824652778125 0.8037109375 0.8333333328125001 0.8173828125 0.84375 0.8330078125 0.847222221875 0.8349609375 0.8506944437499999 0.8447265625 0.8506944437499999 0.8466796875 0.8541666671874999 0.859375 0.8524305562500001 0.87109375 0.8142361109375 0.87109375 0.8038194437499999 0.8740234375 0.7951388890625 0.8876953125 0.78125 0.9013671875 0.7604166671875 0.9267578125 0.7395833328125 0.9326171875 0.7395833328125 0.935546875 0.730902778125
0 0.7939453125 0.625 0.7841796875 0.625 0.7822265625 0.621527778125 0.7666015625 0.621527778125 0.7490234375 0.6319444437499999 0.732421875 0.6614583328125 0.728515625 0.671875 0.7265625 0.6927083328125 0.724609375 0.6961805562500001 0.724609375 0.7239583328125 0.7275390625 0.7326388890625 0.7412109375 0.7395833328125 0.7646484375 0.7604166671875 0.7822265625 0.784722221875 0.78515625 0.7829861109375 0.78515625 0.762152778125 0.794921875 0.7135416671875 0.8154296875 0.6736111109375 0.828125 0.6614583328125 0.8251953125 0.652777778125 0.8076171875 0.6319444437499999 0.7958984375 0.628472221875 0.7939453125 0.625
0 0.7412109375 0.6006944437499999 0.7177734375 0.6006944437499999 0.6982421875 0.6180555562500001 0.6875 0.637152778125 0.685546875 0.6475694437499999 0.681640625 0.6545138890625 0.681640625 0.6614583328125 0.677734375 0.671875 0.677734375 0.6857638890625 0.6826171875 0.690972221875 0.6982421875 0.722222221875 0.7080078125 0.722222221875 0.7099609375 0.7256944437499999 0.724609375 0.7239583328125 0.724609375 0.6961805562500001 0.73046875 0.6649305562500001 0.7490234375 0.6319444437499999 0.7568359375 0.625 0.7626953125 0.625 0.763671875 0.6197916671875 0.7607421875 0.6145833328125 0.7412109375 0.6006944437499999
0 0.6669921875 0.5833333328125 0.6533203125 0.59375 0.638671875 0.6163194437499999 0.6328125 0.637152778125 0.6328125 0.6545138890625 0.6357421875 0.659722221875 0.6513671875 0.6631944437499999 0.6728515625 0.6805555562500001 0.677734375 0.6788194437499999 0.6796875 0.6614583328125 0.6875 0.637152778125 0.7001953125 0.6145833328125 0.7041015625 0.6145833328125 0.708984375 0.605902778125 0.6982421875 0.590277778125 0.6884765625 0.5833333328125 0.6669921875 0.5833333328125
0 0.7802734375 0.597222221875 0.76953125 0.6163194437499999 0.7705078125 0.621527778125 0.7958984375 0.625 0.8076171875 0.6319444437499999 0.8193359375 0.6458333328125 0.82421875 0.644097221875 0.826171875 0.637152778125 0.84375 0.609375 0.8369140625 0.59375 0.8251953125 0.5868055562500001 0.8193359375 0.5868055562500001 0.8173828125 0.5833333328125 0.7939453125 0.5868055562500001 0.7802734375 0.597222221875
0 0.8388671875 0.6145833328125 0.82421875 0.644097221875 0.82421875 0.6510416671875 0.8291015625 0.659722221875 0.8408203125 0.65625 0.8427734375 0.652777778125 0.8642578125 0.652777778125 0.8662109375 0.65625 0.8759765625 0.65625 0.8857421875 0.6631944437499999 0.890625 0.6614583328125 0.8955078125 0.6493055562500001 0.9140625 0.6267361109375 0.912109375 0.6197916671875 0.9052734375 0.6111111109375 0.8876953125 0.597222221875 0.8583984375 0.597222221875 0.8525390625 0.6006944437499999 0.8388671875 0.6145833328125
0 0.9814453125 0.6458333328125 0.9775390625 0.6388888890625 0.9462890625 0.621527778125 0.9267578125 0.621527778125 0.9248046875 0.625 0.9130859375 0.628472221875 0.9091796875 0.6354166671875 0.9052734375 0.6354166671875 0.890625 0.6614583328125 0.8955078125 0.6701388890625 0.9111328125 0.684027778125 0.9228515625 0.7013888890625 0.9384765625 0.7326388890625 0.943359375 0.730902778125 0.9697265625 0.7291666671875 0.9716796875 0.7256944437499999 0.9912109375 0.7256944437499999 0.9931640625 0.7291666671875 0.9990234375 0.7291666671875 1 0.671875 0.9873046875 0.6493055562500001 0.9814453125 0.6458333328125
0 0.1748046875 0.6388888890625 0.1572265625 0.625 0.1513671875 0.625 0.1494140625 0.621527778125 0.1220703125 0.621527778125 0.1201171875 0.625 0.1123046875 0.625 0.1005859375 0.6354166671875 0.0908203125 0.6493055562500001 0.083984375 0.6649305562500001 0.0869140625 0.6701388890625 0.0927734375 0.6701388890625 0.0986328125 0.6770833328125 0.1025390625 0.6770833328125 0.1181640625 0.6944444437499999 0.1328125 0.7239583328125 0.13671875 0.7447916671875 0.138671875 0.7899305562500001 0.1416015625 0.7951388890625 0.15625 0.793402778125 0.1689453125 0.7708333328125 0.1904296875 0.746527778125 0.2001953125 0.7395833328125 0.205078125 0.730902778125 0.205078125 0.7135416671875 0.197265625 0.6822916671875 0.1826171875 0.6493055562500001 0.1748046875 0.6388888890625
0 0.2041015625 0.597222221875 0.1982421875 0.597222221875 0.1962890625 0.59375 0.1708984375 0.59375 0.146484375 0.6163194437499999 0.1474609375 0.621527778125 0.1533203125 0.621527778125 0.1591796875 0.628472221875 0.1630859375 0.628472221875 0.1826171875 0.6493055562500001 0.19921875 0.6857638890625 0.205078125 0.7135416671875 0.205078125 0.7274305562500001 0.21484375 0.7274305562500001 0.2275390625 0.722222221875 0.23828125 0.6961805562500001 0.23828125 0.6857638890625 0.240234375 0.6822916671875 0.240234375 0.668402778125 0.236328125 0.6475694437499999 0.2216796875 0.6145833328125 0.2041015625 0.597222221875
0 0.1962890625 0.5833333328125 0.19140625 0.5920138890625 0.1923828125 0.59375 0.2158203125 0.6076388890625 0.23046875 0.6302083328125 0.236328125 0.644097221875 0.240234375 0.6649305562500001 0.240234375 0.6822916671875 0.24609375 0.6822916671875 0.251953125 0.675347221875 0.255859375 0.6545138890625 0.255859375 0.6197916671875 0.25 0.6024305562500001 0.2412109375 0.5868055562500001 0.2294921875 0.5763888890625 0.2080078125 0.5763888890625 0.1962890625 0.5833333328125