0 0.0302734375 0.746527778125 0.0185546875 0.7326388890625 0.0009765625 0.71875 0 0.9704861109375 0.009765625 0.9704861109375 0.0283203125 0.9548611109375 0.044921875 0.9149305562500001 0.05078125 0.894097221875 0.052734375 0.828125 0.05078125 0.824652778125 0.05078125 0.800347221875 0.041015625 0.765625 0.0302734375 0.746527778125
0 0 0.7170138890625 0.0166015625 0.7291666671875 0.0283203125 0.7430555562500001 0.041015625 0.765625 0.048828125 0.7864583328125 0.052734375 0.8072916671874999 0.0537109375 0.8263888890625 0.123046875 0.824652778125 0.12890625 0.8177083328125001 0.13671875 0.7899305562500001 0.13671875 0.762152778125 0.138671875 0.7586805562500001 0.13671875 0.7552083328125 0.13671875 0.737847221875 0.130859375 0.7135416671875 0.1181640625 0.690972221875 0.1123046875 0.6875 0.1064453125 0.6770833328125 0.1025390625 0.6770833328125 0.0810546875 0.659722221875 0.0361328125 0.659722221875 0.0341796875 0.6631944437499999 0.0263671875 0.6631944437499999 0.0146484375 0.6701388890625 0 0.6857638890625 0 0.7170138890625
0 0.1728515625 0.6319444437499999 0.1591796875 0.621527778125 0.1533203125 0.621527778125 0.1513671875 0.6180555562500001 0.1240234375 0.6180555562500001 0.1220703125 0.621527778125 0.1083984375 0.625 0.1044921875 0.6319444437499999 0.0986328125 0.6354166671875 0.0859375 0.6614583328125 0.0888671875 0.6666666671875 0.1064453125 0.6770833328125 0.1181640625 0.690972221875 0.130859375 0.7135416671875 0.138671875 0.7482638890625 0.138671875 0.7899305562500001 0.15625 0.7899305562500001 0.1806640625 0.753472221875 0.205078125 0.730902778125 0.20703125 0.7170138890625 0.205078125 0.7135416671875 0.205078125 0.699652778125 0.19921875 0.6788194437499999 0.1806640625 0.6423611109375 0.1728515625 0.6319444437499999
0 0.2216796875 0.6111111109375 0.1982421875 0.590277778125 0.1728515625 0.590277778125 0.1552734375 0.6006944437499999 0.146484375 0.612847221875 0.1474609375 0.6180555562500001 0.1689453125 0.628472221875 0.1806640625 0.6423611109375 0.19921875 0.6788194437499999 0.20703125 0.7100694437499999 0.20703125 0.7239583328125 0.21484375 0.7239583328125 0.2216796875 0.71875 0.2275390625 0.71875 0.232421875 0.703125 0.240234375 0.6892361109375 0.240234375 0.6579861109375 0.23828125 0.6475694437499999 0.234375 0.6336805562500001 0.2216796875 0.6111111109375
0 0.2080078125 0.5729166671875 0.1923828125 0.5833333328125 0.1923828125 0.590277778125 0.2041015625 0.59375 0.2197265625 0.6076388890625 0.232421875 0.6302083328125 0.240234375 0.6545138890625 0.240234375 0.6822916671875 0.244140625 0.6822916671875 0.25390625 0.668402778125 0.25390625 0.6545138890625 0.255859375 0.6510416671875 0.255859375 0.6163194437499999 0.25 0.5989583328125 0.2431640625 0.5868055562500001 0.2294921875 0.5729166671875 0.2080078125 0.5729166671875
0 0.337890625 0.8177083328125001 0.330078125 0.800347221875 0.330078125 0.793402778125 0.3115234375 0.7569444437499999 0.2919921875 0.7361111109375 0.2744140625 0.7256944437499999 0.2548828125 0.722222221875 0.2529296875 0.71875 0.2294921875 0.71875 0.2041015625 0.7326388890625 0.1826171875 0.753472221875 0.1650390625 0.777777778125 0.150390625 0.8072916671874999 0.138671875 0.8489583328125001 0.138671875 0.859375 0.134765625 0.8767361109375 0.134765625 0.9045138890625 0.14453125 0.953125 0.1591796875 0.9791666671874999 0.1650390625 0.9861111109375 0.232421875 0.984375 0.2919921875 0.9791666671874999 0.3037109375 0.972222221875 0.3251953125 0.9513888890625 0.337890625 0.9288194437499999 0.345703125 0.9010416671874999 0.349609375 0.8802083328125001 0.34765625 0.855902778125 0.337890625 0.8177083328125001
0 0.35546875 0.699652778125 0.3388671875 0.6736111109375 0.3330078125 0.6701388890625 0.3291015625 0.6631944437499999 0.3173828125 0.65625 0.3095703125 0.65625 0.3076171875 0.652777778125 0.2744140625 0.65625 0.2490234375 0.6770833328125 0.2412109375 0.6875 0.232421875 0.706597221875 0.23046875 0.7135416671875 0.2314453125 0.71875 0.2548828125 0.71875 0.2568359375 0.722222221875 0.2763671875 0.7256944437499999 0.3037109375 0.746527778125 0.3095703125 0.753472221875 0.330078125 0.793402778125 0.34375 0.8420138890625 0.3515625 0.8420138890625 0.36328125 0.824652778125 0.369140625 0.8072916671874999 0.369140625 0.796875 0.37109375 0.793402778125 0.37109375 0.7552083328125 0.365234375 0.7239583328125 0.361328125 0.7135416671875 0.35546875 0.699652778125
0 0.2978515625 0.6354166671875 0.2890625 0.6510416671875 0.3173828125 0.65625 0.3388671875 0.6736111109375 0.357421875 0.703125 0.365234375 0.7239583328125 0.365234375 0.730902778125 0.37109375 0.7517361109375 0.37109375 0.762152778125 0.375 0.762152778125 0.390625 0.737847221875 0.39453125 0.7100694437499999 0.392578125 0.706597221875 0.388671875 0.675347221875 0.3701171875 0.6388888890625 0.3486328125 0.621527778125 0.3251953125 0.6180555562500001 0.2978515625 0.6354166671875
0 0.3564453125 0.590277778125 0.3369140625 0.59375 0.3271484375 0.6041666671875 0.3232421875 0.6041666671875 0.310546875 0.6232638890625 0.3251953125 0.621527778125 0.3271484375 0.6180555562500001 0.3408203125 0.6180555562500001 0.3642578125 0.6319444437499999 0.380859375 0.6545138890625 0.388671875 0.675347221875 0.392578125 0.6961805562500001 0.396484375 0.6961805562500001 0.400390625 0.6857638890625 0.400390625 0.6545138890625 0.3984375 0.644097221875 0.392578125 0.6267361109375 0.3818359375 0.6076388890625 0.3720703125 0.597222221875 0.3583984375 0.59375 0.3564453125 0.590277778125
0 0.3544921875 0.5729166671875 0.337890625 0.5885416671875 0.3388671875 0.59375 0.3505859375 0.59375 0.3525390625 0.590277778125 0.3662109375 0.59375 0.3818359375 0.6076388890625 0.39453125 0.6302083328125 0.400390625 0.6545138890625 0.400390625 0.668402778125 0.4033203125 0.6736111109375 0.40625 0.671875 0.41015625 0.6614583328125 0.41015625 0.6336805562500001 0.40625 0.6163194437499999 0.3955078125 0.59375 0.3837890625 0.5798611109375 0.3720703125 0.5763888890625 0.3701171875 0.5729166671875 0.3544921875 0.5729166671875
0 0.7646484375 0.7569444437499999 0.7412109375 0.7361111109375 0.7158203125 0.722222221875 0.7080078125 0.722222221875 0.7060546875 0.71875 0.6767578125 0.71875 0.6748046875 0.722222221875 0.6669921875 0.722222221875 0.6650390625 0.7256944437499999 0.6572265625 0.7256944437499999 0.6455078125 0.7326388890625 0.6318359375 0.746527778125 0.6171875 0.769097221875 0.607421875 0.793402778125 0.607421875 0.800347221875 0.6015625 0.8177083328125001 0.599609375 0.8385416671874999 0.59765625 0.8420138890625 0.595703125 0.8732638890625 0.59765625 0.8767361109375 0.599609375 0.9010416671874999 0.607421875 0.9288194437499999 0.6142578125 0.9444444437499999 0.6259765625 0.9583333328125001 0.6455078125 0.972222221875 0.716796875 0.9739583328125001 0.7900390625 0.972222221875 0.8017578125 0.9618055562500001 0.80859375 0.949652778125 0.810546875 0.9427083328125001 0.810546875 0.8732638890625 0.794921875 0.8072916671874999 0.7802734375 0.777777778125 0.7646484375 0.7569444437499999
0 0.6630859375 0.7256944437499999 0.6728515625 0.71875 0.6953125 0.7170138890625 0.6767578125 0.6805555562500001 0.6669921875 0.6701388890625 0.6494140625 0.659722221875 0.6201171875 0.659722221875 0.5947265625 0.6736111109375 0.5830078125 0.6875 0.5703125 0.7100694437499999 0.55859375 0.7586805562500001 0.55859375 0.7795138890625 0.556640625 0.7829861109375 0.55859375 0.8038194437499999 0.564453125 0.824652778125 0.5693359375 0.8333333328125001 0.5751953125 0.8368055562500001 0.578125 0.8489583328125001 0.5849609375 0.8611111109375 0.595703125 0.859375 0.599609375 0.824652778125 0.60546875 0.8072916671874999 0.60546875 0.800347221875 0.615234375 0.7725694437499999 0.6240234375 0.7569444437499999 0.6376953125 0.7395833328125 0.6552734375 0.7256944437499999 0.6630859375 0.7256944437499999
0 0.5712890625 0.621527778125 0.5693359375 0.625 0.5615234375 0.625 0.5419921875 0.6423611109375 0.525390625 0.675347221875 0.5234375 0.6961805562500001 0.521484375 0.699652778125 0.521484375 0.730902778125 0.5341796875 0.7569444437499999 0.5517578125 0.7673611109375 0.556640625 0.765625 0.568359375 0.7135416671875 0.5849609375 0.684027778125 0.6083984375 0.6631944437499999 0.6259765625 0.659722221875 0.62890625 0.6510416671875 0.6083984375 0.628472221875 0.5966796875 0.621527778125 0.5712890625 0.621527778125
0 0.6103515625 0.6076388890625 0.5986328125 0.597222221875 0.5927734375 0.59375 0.5673828125 0.59375 0.5654296875 0.597222221875 0.5595703125 0.597222221875 0.5458984375 0.6111111109375 0.53125 0.637152778125 0.52734375 0.6510416671875 0.52734375 0.6649305562500001 0.529296875 0.6649305562500001 0.5419921875 0.6423611109375 0.5693359375 0.621527778125 0.5966796875 0.621527778125 0.6181640625 0.6388888890625 0.6259765625 0.6493055562500001 0.62890625 0.6475694437499999 0.623046875 0.6302083328125 0.6103515625 0.6076388890625
0 0.587890625 0.5885416671875 0.5849609375 0.5833333328125 0.5732421875 0.5763888890625 0.5576171875 0.5763888890625 0.5400390625 0.5868055562500001 0.529296875 0.605902778125 0.5234375 0.6302083328125 0.521484375 0.6545138890625 0.5244140625 0.6631944437499999 0.52734375 0.6614583328125 0.52734375 0.6510416671875 0.53125 0.637152778125 0.5439453125 0.6145833328125 0.5595703125 0.597222221875 0.5654296875 0.597222221875 0.5673828125 0.59375 0.5869140625 0.59375 0.587890625 0.5885416671875
0 0.9208984375 0.7430555562500001 0.9111328125 0.746527778125 0.9072265625 0.753472221875 0.8974609375 0.7604166671875 0.873046875 0.793402778125 0.87109375 0.8072916671874999 0.865234375 0.8211805562500001 0.865234375 0.828125 0.859375 0.8489583328125001 0.859375 0.8697916671874999 0.86328125 0.8836805562500001 0.8740234375 0.902777778125 0.8955078125 0.9305555562500001 0.8994140625 0.9305555562500001 0.9130859375 0.9479166671874999 0.9169921875 0.9479166671874999 0.9287109375 0.9583333328125001 0.9482421875 0.9618055562500001 0.9501953125 0.965277778125 0.9560546875 0.965277778125 0.9580078125 0.9618055562500001 0.9619140625 0.965277778125 0.9658203125 0.9618055562500001 0.9697265625 0.965277778125 0.9736328125 0.9618055562500001 0.9775390625 0.965277778125 0.9814453125 0.9618055562500001 0.9853515625 0.965277778125 0.98828125 0.9635416671874999 1 0.9600694437499999 0.9990234375 0.7256944437499999 0.9931640625 0.722222221875 0.9599609375 0.722222221875 0.9580078125 0.7256944437499999 0.9443359375 0.7256944437499999 0.9267578125 0.7361111109375 0.9208984375 0.7430555562500001
0 0.9189453125 0.7395833328125 0.9326171875 0.7326388890625 0.935546875 0.7274305562500001 0.9130859375 0.684027778125 0.8876953125 0.659722221875 0.8759765625 0.65625 0.8740234375 0.652777778125 0.8642578125 0.652777778125 0.8623046875 0.6493055562500001 0.8466796875 0.6493055562500001 0.8447265625 0.652777778125 0.8310546875 0.65625 0.8193359375 0.6666666671875 0.802734375 0.6927083328125 0.7890625 0.730902778125 0.787109375 0.7517361109375 0.78515625 0.7552083328125 0.78515625 0.7795138890625 0.7890625 0.793402778125 0.794921875 0.8038194437499999 0.798828125 0.8211805562500001 0.8056640625 0.8333333328125001 0.8173828125 0.840277778125 0.8330078125 0.84375 0.8349609375 0.847222221875 0.8466796875 0.847222221875 0.8486328125 0.8506944437499999 0.857421875 0.8489583328125001 0.861328125 0.8420138890625 0.861328125 0.8350694437499999 0.87109375 0.8038194437499999 0.87109375 0.796875 0.8798828125 0.78125 0.8935546875 0.7673611109375 0.8994140625 0.7569444437499999 0.9189453125 0.7395833328125
0 0.7880859375 0.621527778125 0.7861328125 0.6180555562500001 0.7646484375 0.6180555562500001 0.7529296875 0.625 0.732421875 0.6579861109375 0.724609375 0.6892361109375 0.724609375 0.7204861109375 0.7392578125 0.7361111109375 0.7431640625 0.7361111109375 0.7626953125 0.753472221875 0.7783203125 0.7743055562500001 0.7822265625 0.777777778125 0.78515625 0.7760416671875 0.78515625 0.7517361109375 0.79296875 0.7135416671875 0.8154296875 0.6701388890625 0.8271484375 0.659722221875 0.828125 0.6545138890625 0.8154296875 0.6354166671875 0.7958984375 0.621527778125 0.7880859375 0.621527778125
0 0.7392578125 0.597222221875 0.7197265625 0.597222221875 0.6982421875 0.6145833328125 0.68359375 0.644097221875 0.677734375 0.668402778125 0.677734375 0.6788194437499999 0.693359375 0.7100694437499999 0.7021484375 0.71875 0.7138671875 0.71875 0.7158203125 0.722222221875 0.724609375 0.7204861109375 0.724609375 0.6892361109375 0.73046875 0.6614583328125 0.7431640625 0.6423611109375 0.7490234375 0.628472221875 0.7607421875 0.621527778125 0.763671875 0.6163194437499999 0.7607421875 0.6111111109375 0.7392578125 0.597222221875
0 0.6533203125 0.590277778125 0.638671875 0.612847221875 0.6328125 0.6336805562500001 0.6337890625 0.65625 0.6513671875 0.659722221875 0.6533203125 0.6631944437499999 0.6591796875 0.6631944437499999 0.6728515625 0.6770833328125 0.677734375 0.675347221875 0.6796875 0.6579861109375 0.6875 0.6336805562500001 0.6982421875 0.6145833328125 0.708984375 0.605902778125 0.7041015625 0.59375 0.6884765625 0.5798611109375 0.6669921875 0.5798611109375 0.6533203125 0.590277778125
0 0.7802734375 0.59375 0.76953125 0.612847221875 0.7705078125 0.6180555562500001 0.7958984375 0.621527778125 0.8076171875 0.628472221875 0.8193359375 0.6423611109375 0.82421875 0.640625 0.826171875 0.6336805562500001 0.84375 0.605902778125 0.8388671875 0.59375 0.8251953125 0.5833333328125 0.8193359375 0.5833333328125 0.8173828125 0.5798611109375 0.7939453125 0.5833333328125 0.7802734375 0.59375
0 0.8779296875 0.590277778125 0.8505859375 0.597222221875 0.8466796875 0.6041666671875 0.8408203125 0.6076388890625 0.82421875 0.640625 0.82421875 0.6475694437499999 0.8291015625 0.65625 0.8408203125 0.6493055562500001 0.8662109375 0.6493055562500001 0.8681640625 0.652777778125 0.8759765625 0.652777778125 0.8857421875 0.659722221875 0.890625 0.6579861109375 0.892578125 0.6510416671875 0.9013671875 0.6354166671875 0.9091796875 0.628472221875 0.912109375 0.6197916671875 0.9052734375 0.6076388890625 0.8935546875 0.597222221875 0.8798828125 0.59375 0.8779296875 0.590277778125
0 0.9892578125 0.6493055562500001 0.9775390625 0.6354166671875 0.9521484375 0.621527778125 0.9267578125 0.6180555562500001 0.9052734375 0.6319444437499999 0.892578125 0.6545138890625 0.89453125 0.6649305562500001 0.9130859375 0.684027778125 0.9248046875 0.7013888890625 0.9384765625 0.7291666671875 0.939453125 0.7274305562500001 0.9482421875 0.7256944437499999 0.9501953125 0.722222221875 0.9755859375 0.722222221875 0.9775390625 0.71875 0.9794921875 0.722222221875 0.9990234375 0.722222221875 1 0.668402778125 0.9892578125 0.6493055562500001
0 0.0546875 0.5885416671875 0.0576171875 0.597222221875 0.0615234375 0.597222221875 0.0673828125 0.6041666671875 0.08203125 0.6302083328125 0.0869140625 0.6493055562500001 0.08984375 0.6475694437499999 0.1044921875 0.628472221875 0.1220703125 0.6180555562500001 0.123046875 0.612847221875 0.119140625 0.6024305562500001 0.1103515625 0.590277778125 0.0927734375 0.5763888890625 0.0693359375 0.5763888890625 0.0546875 0.5885416671875
0 0 0.6822916671875 0.001953125 0.6822916671875 0.0185546875 0.6666666671875 0.0322265625 0.6631944437499999 0.0341796875 0.659722221875 0.0458984375 0.659722221875 0.0478515625 0.65625 0.0830078125 0.659722221875 0.0859375 0.6545138890625 0.0859375 0.644097221875 0.08203125 0.6302083328125 0.0615234375 0.597222221875 0.0380859375 0.5833333328125 0.0146484375 0.5868055562500001 0 0.5989583328125 0 0.6822916671875