0 0.35546875 0.7829861109375 0.349609375 0.7517361109375 0.3359375 0.7100694437499999 0.3095703125 0.6666666671875 0.3037109375 0.6631944437499999 0.2998046875 0.65625 0.2666015625 0.6354166671875 0.2373046875 0.6354166671875 0.2353515625 0.6388888890625 0.2197265625 0.6423611109375 0.2001953125 0.65625 0.1865234375 0.6736111109375 0.162109375 0.7170138890625 0.1484375 0.7517361109375 0.138671875 0.7864583328125 0.138671875 0.796875 0.134765625 0.8107638890625 0.134765625 0.828125 0.1328125 0.831597221875 0.1328125 0.8489583328125001 0.140625 0.8802083328125001 0.1591796875 0.9166666671874999 0.1826171875 0.9166666671874999 0.1845703125 0.9201388890625 0.1865234375 0.9166666671874999 0.240234375 0.918402778125 0.3076171875 0.9166666671874999 0.3095703125 0.9131944437499999 0.3154296875 0.9131944437499999 0.3251953125 0.902777778125 0.34375 0.8697916671874999 0.3515625 0.8489583328125001 0.35546875 0.828125 0.35546875 0.7829861109375
0 0.419921875 0.6892361109375 0.404296875 0.637152778125 0.3857421875 0.6111111109375 0.3798828125 0.597222221875 0.3681640625 0.5868055562500001 0.3486328125 0.5833333328125 0.3466796875 0.5798611109375 0.3212890625 0.5833333328125 0.3095703125 0.59375 0.3056640625 0.59375 0.2939453125 0.6111111109375 0.2880859375 0.6145833328125 0.27734375 0.637152778125 0.2880859375 0.6493055562500001 0.3017578125 0.65625 0.3134765625 0.6701388890625 0.337890625 0.7135416671875 0.345703125 0.734375 0.35546875 0.7829861109375 0.3671875 0.7829861109375 0.3857421875 0.78125 0.3955078125 0.7673611109375 0.4072265625 0.7638888890625 0.4140625 0.7517361109375 0.419921875 0.730902778125 0.419921875 0.7204861109375 0.421875 0.7170138890625 0.419921875 0.6892361109375
0 0 0.9045138890625 0.0048828125 0.909722221875 0.03515625 0.9079861109375 0.0595703125 0.902777778125 0.0693359375 0.8923611109375 0.0771484375 0.8888888890625 0.0947265625 0.8680555562500001 0.115234375 0.828125 0.1171875 0.8177083328125001 0.1171875 0.7899305562500001 0.119140625 0.7864583328125 0.1171875 0.7829861109375 0.1171875 0.762152778125 0.107421875 0.7170138890625 0.099609375 0.6961805562500001 0.0830078125 0.6666666671875 0.0771484375 0.6631944437499999 0.0615234375 0.6423611109375 0.0478515625 0.6319444437499999 0.0283203125 0.628472221875 0.0263671875 0.625 0.0205078125 0.625 0.0185546875 0.628472221875 0.0166015625 0.625 0.0107421875 0.625 0.0087890625 0.628472221875 0 0.6302083328125 0 0.9045138890625
0 0.1142578125 0.597222221875 0.1025390625 0.59375 0.1005859375 0.590277778125 0.0595703125 0.5868055562500001 0.0341796875 0.6006944437499999 0.015625 0.6197916671875 0.0166015625 0.625 0.0302734375 0.625 0.0322265625 0.628472221875 0.0498046875 0.6319444437499999 0.0810546875 0.6631944437499999 0.10546875 0.7100694437499999 0.115234375 0.7447916671875 0.115234375 0.7552083328125 0.119140625 0.765625 0.119140625 0.7725694437499999 0.1259765625 0.78125 0.134765625 0.7829861109375 0.140625 0.7760416671875 0.146484375 0.7517361109375 0.158203125 0.7274305562500001 0.16015625 0.7204861109375 0.16015625 0.699652778125 0.15234375 0.6545138890625 0.1337890625 0.6180555562500001 0.1142578125 0.597222221875
0 0.1982421875 0.559027778125 0.1884765625 0.5520833328125 0.1591796875 0.5520833328125 0.1318359375 0.5763888890625 0.12109375 0.5954861109375 0.12109375 0.6024305562500001 0.1376953125 0.621527778125 0.14453125 0.6336805562500001 0.15625 0.668402778125 0.16015625 0.703125 0.1630859375 0.7083333328125 0.166015625 0.706597221875 0.1943359375 0.659722221875 0.2197265625 0.6388888890625 0.2431640625 0.6319444437499999 0.244140625 0.6232638890625 0.234375 0.5954861109375 0.2158203125 0.5694444437499999 0.2041015625 0.559027778125 0.1982421875 0.559027778125
0 0.1796875 0.546875 0.1806640625 0.5520833328125 0.2041015625 0.559027778125 0.2158203125 0.5694444437499999 0.234375 0.5954861109375 0.2470703125 0.6319444437499999 0.2578125 0.6302083328125 0.259765625 0.612847221875 0.2578125 0.609375 0.255859375 0.5850694437499999 0.25 0.5642361109375 0.2353515625 0.5416666671875 0.2197265625 0.53125 0.1962890625 0.53125 0.1796875 0.546875
0 0.2431640625 0.5104166671875 0.2294921875 0.5208333328125 0.224609375 0.5329861109375 0.2392578125 0.5451388890625 0.25 0.5642361109375 0.255859375 0.581597221875 0.2578125 0.605902778125 0.259765625 0.609375 0.259765625 0.6232638890625 0.2578125 0.6267361109375 0.2666015625 0.6354166671875 0.275390625 0.6336805562500001 0.28125 0.6267361109375 0.287109375 0.605902778125 0.294921875 0.5885416671875 0.294921875 0.5677083328125 0.2890625 0.543402778125 0.2744140625 0.5208333328125 0.2587890625 0.5104166671875 0.2431640625 0.5104166671875
0 0.00390625 0.6267361109375 0.0107421875 0.625 0.0205078125 0.6111111109375 0.0400390625 0.597222221875 0.04296875 0.5885416671875 0.0302734375 0.5694444437499999 0.0009765625 0.5486111109375 0 0.6267361109375 0.00390625 0.6267361109375
0 0.0361328125 0.527777778125 0.0341796875 0.53125 0.0205078125 0.534722221875 0.009765625 0.546875 0.0107421875 0.5555555562500001 0.0283203125 0.565972221875 0.0458984375 0.59375 0.046875 0.5920138890625 0.0556640625 0.590277778125 0.0576171875 0.5868055562500001 0.1044921875 0.590277778125 0.10546875 0.5850694437499999 0.0888671875 0.5520833328125 0.0751953125 0.5381944437499999 0.0634765625 0.53125 0.0361328125 0.527777778125
0 0.0966796875 0.5173611109375 0.0927734375 0.5173611109375 0.080078125 0.5364583328125 0.080078125 0.543402778125 0.0888671875 0.5520833328125 0.103515625 0.578125 0.1083984375 0.59375 0.1123046875 0.597222221875 0.12109375 0.5954861109375 0.1337890625 0.5729166671875 0.158203125 0.550347221875 0.1455078125 0.5243055562500001 0.1298828125 0.5104166671875 0.1142578125 0.5069444437499999 0.1123046875 0.5104166671875 0.1025390625 0.5104166671875 0.0966796875 0.5173611109375
0 0.296875 0.5850694437499999 0.28515625 0.6163194437499999 0.2880859375 0.6180555562500001 0.2998046875 0.6006944437499999 0.3154296875 0.5868055562500001 0.3466796875 0.5798611109375 0.3486328125 0.5833333328125 0.3681640625 0.5868055562500001 0.3759765625 0.59375 0.3994140625 0.6319444437499999 0.40234375 0.6302083328125 0.40234375 0.6232638890625 0.39453125 0.5954861109375 0.3798828125 0.5694444437499999 0.3662109375 0.5555555562500001 0.3544921875 0.5486111109375 0.3330078125 0.5486111109375 0.3134765625 0.5625 0.296875 0.5850694437499999
0 0.3701171875 0.53125 0.3486328125 0.534722221875 0.337890625 0.546875 0.3603515625 0.5520833328125 0.3798828125 0.5694444437499999 0.3984375 0.605902778125 0.404296875 0.637152778125 0.41015625 0.637152778125 0.4140625 0.6267361109375 0.4140625 0.5954861109375 0.40625 0.5677083328125 0.4033203125 0.565972221875 0.3974609375 0.5520833328125 0.3837890625 0.5381944437499999 0.3720703125 0.534722221875 0.3701171875 0.53125
0 0.4208984375 0.5138888890625 0.4091796875 0.5138888890625 0.3935546875 0.5243055562500001 0.38671875 0.5399305562500001 0.3955078125 0.5486111109375 0.41015625 0.578125 0.4140625 0.5954861109375 0.4140625 0.609375 0.416015625 0.612847221875 0.4140625 0.6232638890625 0.4189453125 0.628472221875 0.443359375 0.6267361109375 0.4521484375 0.621527778125 0.45703125 0.612847221875 0.45703125 0.6024305562500001 0.458984375 0.5989583328125 0.45703125 0.5711805562500001 0.451171875 0.550347221875 0.4384765625 0.527777778125 0.4208984375 0.5138888890625
0 0.77734375 0.831597221875 0.775390625 0.7899305562500001 0.76953125 0.769097221875 0.76953125 0.762152778125 0.7578125 0.7274305562500001 0.7255859375 0.6736111109375 0.7060546875 0.65625 0.6884765625 0.6458333328125 0.6650390625 0.6423611109375 0.6630859375 0.6458333328125 0.6337890625 0.6493055562500001 0.6142578125 0.6631944437499999 0.6005859375 0.6805555562500001 0.5859375 0.7135416671875 0.576171875 0.7482638890625 0.57421875 0.7864583328125 0.572265625 0.7899305562500001 0.57421875 0.8211805562500001 0.576171875 0.824652778125 0.578125 0.8454861109375 0.591796875 0.8836805562500001 0.6083984375 0.909722221875 0.6220703125 0.9131944437499999 0.6240234375 0.9166666671874999 0.6572265625 0.9201388890625 0.6591796875 0.9236111109375 0.71875 0.921875 0.7275390625 0.909722221875 0.7333984375 0.909722221875 0.7431640625 0.902777778125 0.7529296875 0.902777778125 0.76171875 0.890625 0.7734375 0.859375 0.775390625 0.8350694437499999 0.77734375 0.831597221875
0 0.6806640625 0.6423611109375 0.6904296875 0.6493055562500001 0.69140625 0.637152778125 0.6728515625 0.6076388890625 0.6474609375 0.5868055562500001 0.6162109375 0.5833333328125 0.6142578125 0.5868055562500001 0.5966796875 0.59375 0.5849609375 0.6041666671875 0.56640625 0.637152778125 0.560546875 0.6579861109375 0.55859375 0.6927083328125 0.556640625 0.6961805562500001 0.55859375 0.7274305562500001 0.564453125 0.7447916671875 0.564453125 0.7517361109375 0.5712890625 0.7638888890625 0.57421875 0.762152778125 0.580078125 0.730902778125 0.587890625 0.706597221875 0.595703125 0.6892361109375 0.6103515625 0.6666666671875 0.6318359375 0.6493055562500001 0.6513671875 0.6458333328125 0.6533203125 0.6423611109375 0.6806640625 0.6423611109375
0 0.646484375 0.5850694437499999 0.6396484375 0.5729166671875 0.6201171875 0.559027778125 0.5869140625 0.5625 0.5673828125 0.5763888890625 0.548828125 0.609375 0.541015625 0.6336805562500001 0.541015625 0.644097221875 0.5390625 0.6475694437499999 0.5390625 0.668402778125 0.544921875 0.6927083328125 0.5537109375 0.7048611109375 0.556640625 0.703125 0.55859375 0.6927083328125 0.55859375 0.668402778125 0.564453125 0.640625 0.5849609375 0.6041666671875 0.6005859375 0.590277778125 0.6142578125 0.5868055562500001 0.6162109375 0.5833333328125 0.646484375 0.5850694437499999
0 0.5810546875 0.5381944437499999 0.5576171875 0.5381944437499999 0.5380859375 0.5520833328125 0.5283203125 0.565972221875 0.515625 0.5920138890625 0.51171875 0.6163194437499999 0.513671875 0.6197916671875 0.513671875 0.6302083328125 0.51953125 0.6475694437499999 0.5283203125 0.659722221875 0.537109375 0.6614583328125 0.544921875 0.6197916671875 0.5673828125 0.5763888890625 0.5791015625 0.565972221875 0.5947265625 0.5625 0.5986328125 0.559027778125 0.599609375 0.5538194437499999 0.5927734375 0.5451388890625 0.5810546875 0.5381944437499999
0 0.5673828125 0.5173611109375 0.5439453125 0.5208333328125 0.5361328125 0.527777778125 0.521484375 0.5572916671875 0.517578125 0.574652778125 0.517578125 0.581597221875 0.521484375 0.581597221875 0.5322265625 0.559027778125 0.5458984375 0.5451388890625 0.5576171875 0.5381944437499999 0.5810546875 0.5381944437499999 0.5888671875 0.5451388890625 0.591796875 0.543402778125 0.5791015625 0.5243055562500001 0.5673828125 0.5173611109375
0 1 0.6302083328125 0.9951171875 0.628472221875 0.9541015625 0.6631944437499999 0.939453125 0.6857638890625 0.927734375 0.7135416671875 0.921875 0.734375 0.919921875 0.7586805562500001 0.91796875 0.762152778125 0.91796875 0.7899305562500001 0.927734375 0.8350694437499999 0.9404296875 0.8611111109375 0.9560546875 0.8819444437499999 0.9716796875 0.8958333328125001 0.9755859375 0.8958333328125001 0.9873046875 0.90625 1 0.9079861109375 1 0.6302083328125
0 0.9267578125 0.621527778125 0.9072265625 0.6006944437499999 0.8896484375 0.59375 0.8876953125 0.590277778125 0.8564453125 0.5868055562500001 0.8544921875 0.590277778125 0.8349609375 0.59375 0.8193359375 0.6076388890625 0.80078125 0.640625 0.7890625 0.675347221875 0.787109375 0.7170138890625 0.794921875 0.7517361109375 0.8134765625 0.78125 0.8369140625 0.7951388890625 0.8564453125 0.7986111109375 0.8583984375 0.8020833328125001 0.8662109375 0.8020833328125001 0.8681640625 0.7986111109375 0.8740234375 0.7986111109375 0.8759765625 0.8020833328125001 0.90234375 0.800347221875 0.916015625 0.796875 0.91796875 0.7899305562500001 0.91796875 0.7517361109375 0.919921875 0.7413194437499999 0.9296875 0.706597221875 0.947265625 0.671875 0.947265625 0.6614583328125 0.9267578125 0.621527778125
0 0.8173828125 0.565972221875 0.8076171875 0.5625 0.8017578125 0.5555555562500001 0.7724609375 0.5520833328125 0.7509765625 0.565972221875 0.734375 0.5885416671875 0.728515625 0.6024305562500001 0.72265625 0.6302083328125 0.72265625 0.6545138890625 0.720703125 0.6649305562500001 0.7373046875 0.6875 0.7548828125 0.71875 0.7607421875 0.722222221875 0.787109375 0.7239583328125 0.787109375 0.6892361109375 0.7890625 0.6857638890625 0.791015625 0.6649305562500001 0.798828125 0.644097221875 0.8193359375 0.6076388890625 0.83203125 0.5954861109375 0.83203125 0.5850694437499999 0.8173828125 0.565972221875
0 0.7275390625 0.53125 0.7119140625 0.5451388890625 0.69921875 0.5677083328125 0.6953125 0.578125 0.693359375 0.605902778125 0.69140625 0.609375 0.693359375 0.612847221875 0.6953125 0.644097221875 0.7099609375 0.659722221875 0.720703125 0.6649305562500001 0.724609375 0.6163194437499999 0.732421875 0.5920138890625 0.7509765625 0.565972221875 0.7646484375 0.5555555562500001 0.7705078125 0.5555555562500001 0.7705078125 0.5451388890625 0.7548828125 0.53125 0.7275390625 0.53125
0 0.6826171875 0.5208333328125 0.6650390625 0.534722221875 0.6484375 0.574652778125 0.6484375 0.581597221875 0.6533203125 0.590277778125 0.6708984375 0.6041666671875 0.6904296875 0.6354166671875 0.693359375 0.6336805562500001 0.693359375 0.6197916671875 0.69140625 0.6163194437499999 0.693359375 0.5850694437499999 0.705078125 0.5538194437499999 0.71875 0.5364583328125 0.7138671875 0.527777778125 0.7041015625 0.5208333328125 0.6826171875 0.5208333328125
0 0.7978515625 0.5555555562500001 0.8134765625 0.5625 0.8310546875 0.5833333328125 0.833984375 0.581597221875 0.8486328125 0.5520833328125 0.861328125 0.5399305562500001 0.8564453125 0.527777778125 0.8427734375 0.5173611109375 0.8212890625 0.5173611109375 0.8076171875 0.527777778125 0.796875 0.546875 0.7978515625 0.5555555562500001
0 0.8544921875 0.5451388890625 0.8466796875 0.5555555562500001 0.833984375 0.581597221875 0.833984375 0.5885416671875 0.8369140625 0.59375 0.8486328125 0.590277778125 0.8505859375 0.5868055562500001 0.8798828125 0.5868055562500001 0.8974609375 0.597222221875 0.908203125 0.5954861109375 0.908203125 0.5885416671875 0.923828125 0.5642361109375 0.9150390625 0.5486111109375 0.8994140625 0.534722221875 0.8896484375 0.534722221875 0.8876953125 0.53125 0.8681640625 0.534722221875 0.8544921875 0.5451388890625
0 1 0.581597221875 0.9951171875 0.5729166671875 0.9677734375 0.5520833328125 0.9423828125 0.5520833328125 0.9228515625 0.565972221875 0.91015625 0.5850694437499999 0.908203125 0.5989583328125 0.9189453125 0.6145833328125 0.9248046875 0.6180555562500001 0.943359375 0.6510416671875 0.9482421875 0.6666666671875 0.953125 0.6649305562500001 0.9619140625 0.652777778125 0.9697265625 0.6493055562500001 1 0.6232638890625 1 0.581597221875