0 0.0673828125 0.5833333328125 0.0576171875 0.590277778125 0.052734375 0.5989583328125 0.0654296875 0.6111111109375 0.080078125 0.640625 0.08203125 0.6579861109375 0.0859375 0.6579861109375 0.1005859375 0.6354166671875 0.1083984375 0.628472221875 0.1201171875 0.625 0.12109375 0.6163194437499999 0.119140625 0.609375 0.1044921875 0.590277778125 0.0927734375 0.5833333328125 0.0673828125 0.5833333328125
0 0 0.6927083328125 0.001953125 0.6927083328125 0.0185546875 0.6770833328125 0.0302734375 0.6736111109375 0.0322265625 0.6701388890625 0.0791015625 0.6701388890625 0.08203125 0.6649305562500001 0.08203125 0.6510416671875 0.076171875 0.6302083328125 0.0654296875 0.6111111109375 0.0576171875 0.6076388890625 0.0458984375 0.59375 0.0380859375 0.59375 0.0361328125 0.590277778125 0.0185546875 0.590277778125 0.0166015625 0.59375 0.0107421875 0.59375 0 0.605902778125 0 0.6927083328125
0 0 0.734375 0.0087890625 0.7395833328125 0.029296875 0.769097221875 0.037109375 0.796875 0.041015625 0.831597221875 0.0439453125 0.8368055562500001 0.10546875 0.8350694437499999 0.1181640625 0.8333333328125001 0.12890625 0.8142361109375 0.130859375 0.793402778125 0.1328125 0.7899305562500001 0.1328125 0.762152778125 0.130859375 0.7586805562500001 0.126953125 0.7274305562500001 0.1103515625 0.6944444437499999 0.1005859375 0.684027778125 0.0771484375 0.6701388890625 0.0400390625 0.6701388890625 0.0380859375 0.6736111109375 0.0263671875 0.6736111109375 0.0146484375 0.6805555562500001 0 0.6961805562500001 0 0.734375
0 0.0107421875 0.7430555562500001 0.0009765625 0.7361111109375 0 0.9704861109375 0.0078125 0.9704861109375 0.0185546875 0.9618055562500001 0.0390625 0.9149305562500001 0.041015625 0.9045138890625 0.041015625 0.831597221875 0.0390625 0.828125 0.0390625 0.8072916671874999 0.02734375 0.765625 0.0107421875 0.7430555562500001
0 0.1181640625 0.625 0.1162109375 0.628472221875 0.1083984375 0.628472221875 0.0927734375 0.6458333328125 0.083984375 0.6614583328125 0.08203125 0.671875 0.1083984375 0.690972221875 0.125 0.7204861109375 0.130859375 0.7447916671875 0.1328125 0.7725694437499999 0.1357421875 0.78125 0.1416015625 0.7881944437499999 0.1494140625 0.7881944437499999 0.1513671875 0.7916666671875 0.162109375 0.7899305562500001 0.1845703125 0.7604166671875 0.1953125 0.7413194437499999 0.197265625 0.7135416671875 0.19140625 0.6892361109375 0.181640625 0.6649305562500001 0.1650390625 0.6388888890625 0.1455078125 0.625 0.1181640625 0.625
0 0.1962890625 0.597222221875 0.1865234375 0.597222221875 0.1845703125 0.59375 0.1669921875 0.597222221875 0.1474609375 0.6145833328125 0.14453125 0.6197916671875 0.1455078125 0.628472221875 0.1533203125 0.628472221875 0.1689453125 0.6423611109375 0.18359375 0.668402778125 0.1953125 0.703125 0.197265625 0.7135416671875 0.197265625 0.737847221875 0.201171875 0.737847221875 0.2275390625 0.722222221875 0.234375 0.706597221875 0.236328125 0.6961805562500001 0.236328125 0.6649305562500001 0.224609375 0.6267361109375 0.2138671875 0.6111111109375 0.2099609375 0.6111111109375 0.1962890625 0.597222221875
0 0.2138671875 0.5798611109375 0.2060546875 0.5798611109375 0.19140625 0.5954861109375 0.2197265625 0.6180555562500001 0.232421875 0.6475694437499999 0.236328125 0.671875 0.2392578125 0.6770833328125 0.248046875 0.675347221875 0.251953125 0.668402778125 0.25390625 0.6579861109375 0.255859375 0.6267361109375 0.25390625 0.6163194437499999 0.2392578125 0.5868055562500001 0.2333984375 0.5798611109375 0.2158203125 0.5763888890625 0.2138671875 0.5798611109375
0 0.341796875 0.8836805562500001 0.337890625 0.8489583328125001 0.322265625 0.796875 0.310546875 0.7725694437499999 0.2958984375 0.75 0.2841796875 0.7395833328125 0.2666015625 0.7326388890625 0.2646484375 0.7291666671875 0.2529296875 0.7291666671875 0.2509765625 0.7256944437499999 0.2158203125 0.7291666671875 0.1865234375 0.7569444437499999 0.1748046875 0.7743055562500001 0.15234375 0.8177083328125001 0.140625 0.862847221875 0.13671875 0.894097221875 0.134765625 0.8975694437499999 0.1484375 0.9600694437499999 0.1630859375 0.9826388890625 0.181640625 0.980902778125 0.2548828125 0.9791666671874999 0.2666015625 0.972222221875 0.2861328125 0.972222221875 0.3037109375 0.9618055562500001 0.3076171875 0.9548611109375 0.3173828125 0.9479166671874999 0.330078125 0.925347221875 0.341796875 0.8836805562500001
0 0.3369140625 0.6805555562500001 0.3212890625 0.6666666671875 0.2900390625 0.659722221875 0.2880859375 0.6631944437499999 0.2783203125 0.6631944437499999 0.2724609375 0.6701388890625 0.2626953125 0.6736111109375 0.2509765625 0.684027778125 0.240234375 0.699652778125 0.232421875 0.7204861109375 0.2353515625 0.7256944437499999 0.2568359375 0.7256944437499999 0.2587890625 0.7291666671875 0.2666015625 0.7291666671875 0.2685546875 0.7326388890625 0.2861328125 0.7395833328125 0.2998046875 0.753472221875 0.318359375 0.7864583328125 0.33203125 0.824652778125 0.337890625 0.8489583328125001 0.341796875 0.8489583328125001 0.3505859375 0.840277778125 0.365234375 0.8107638890625 0.3671875 0.800347221875 0.3671875 0.765625 0.365234375 0.762152778125 0.36328125 0.7413194437499999 0.35546875 0.7170138890625 0.3369140625 0.6805555562500001
0 0.3427734375 0.625 0.3212890625 0.625 0.3056640625 0.6354166671875 0.291015625 0.6579861109375 0.2998046875 0.659722221875 0.3017578125 0.6631944437499999 0.3134765625 0.6631944437499999 0.3212890625 0.6701388890625 0.3271484375 0.6701388890625 0.3369140625 0.6805555562500001 0.3515625 0.706597221875 0.359375 0.7274305562500001 0.365234375 0.7482638890625 0.3671875 0.765625 0.376953125 0.765625 0.388671875 0.7482638890625 0.392578125 0.7274305562500001 0.392578125 0.7100694437499999 0.388671875 0.699652778125 0.3828125 0.668402778125 0.3701171875 0.6458333328125 0.3603515625 0.6354166671875 0.3427734375 0.625
0 0.31640625 0.6197916671875 0.3154296875 0.628472221875 0.3212890625 0.628472221875 0.3232421875 0.625 0.3427734375 0.625 0.3642578125 0.6388888890625 0.3828125 0.668402778125 0.388671875 0.6892361109375 0.388671875 0.699652778125 0.3916015625 0.7048611109375 0.392578125 0.703125 0.3955078125 0.7013888890625 0.3984375 0.6927083328125 0.396484375 0.6545138890625 0.388671875 0.6302083328125 0.3779296875 0.6111111109375 0.3623046875 0.6006944437499999 0.3369140625 0.6006944437499999 0.31640625 0.6197916671875
0 0.3408203125 0.5868055562500001 0.33203125 0.6024305562500001 0.3623046875 0.6006944437499999 0.3779296875 0.6111111109375 0.39453125 0.6475694437499999 0.3984375 0.675347221875 0.40234375 0.675347221875 0.408203125 0.6649305562500001 0.408203125 0.640625 0.40625 0.6302083328125 0.400390625 0.612847221875 0.3857421875 0.590277778125 0.3740234375 0.5798611109375 0.3544921875 0.5763888890625 0.3408203125 0.5868055562500001
0 0.5673828125 0.5868055562500001 0.5654296875 0.5833333328125 0.5498046875 0.5833333328125 0.5400390625 0.590277778125 0.533203125 0.5989583328125 0.5234375 0.6302083328125 0.521484375 0.6614583328125 0.5234375 0.668402778125 0.5263671875 0.6736111109375 0.52734375 0.671875 0.537109375 0.637152778125 0.5517578125 0.6145833328125 0.5654296875 0.6041666671875 0.5830078125 0.6041666671875 0.5888671875 0.6076388890625 0.58984375 0.6024305562500001 0.5810546875 0.590277778125 0.5673828125 0.5868055562500001
0 0.6123046875 0.6388888890625 0.6220703125 0.652777778125 0.625 0.6510416671875 0.62109375 0.640625 0.6044921875 0.6145833328125 0.6005859375 0.6145833328125 0.5947265625 0.6076388890625 0.5849609375 0.6076388890625 0.5830078125 0.6041666671875 0.5654296875 0.6041666671875 0.5634765625 0.6076388890625 0.5576171875 0.6076388890625 0.5458984375 0.621527778125 0.53515625 0.640625 0.529296875 0.6579861109375 0.529296875 0.6788194437499999 0.53125 0.6788194437499999 0.5419921875 0.652777778125 0.5595703125 0.6354166671875 0.5654296875 0.6354166671875 0.5673828125 0.6319444437499999 0.5791015625 0.6319444437499999 0.5810546875 0.628472221875 0.6025390625 0.6319444437499999 0.6123046875 0.6388888890625
0 0.5947265625 0.6319444437499999 0.5927734375 0.628472221875 0.5791015625 0.628472221875 0.5771484375 0.6319444437499999 0.5595703125 0.6354166671875 0.5419921875 0.652777778125 0.529296875 0.6822916671875 0.52734375 0.7100694437499999 0.525390625 0.7135416671875 0.525390625 0.734375 0.5361328125 0.7569444437499999 0.5458984375 0.7638888890625 0.560546875 0.765625 0.568359375 0.7239583328125 0.5810546875 0.7013888890625 0.6083984375 0.6770833328125 0.6279296875 0.6701388890625 0.62890625 0.6614583328125 0.626953125 0.6545138890625 0.6083984375 0.6354166671875 0.5947265625 0.6319444437499999
0 0.6591796875 0.7395833328125 0.6611328125 0.7361111109375 0.69140625 0.730902778125 0.689453125 0.7204861109375 0.6748046875 0.690972221875 0.6572265625 0.6736111109375 0.6513671875 0.6736111109375 0.6494140625 0.6701388890625 0.6279296875 0.6701388890625 0.6259765625 0.6736111109375 0.6162109375 0.6736111109375 0.6044921875 0.684027778125 0.6005859375 0.684027778125 0.5791015625 0.7048611109375 0.5703125 0.7204861109375 0.5625 0.7517361109375 0.55859375 0.8038194437499999 0.56640625 0.828125 0.5751953125 0.840277778125 0.5830078125 0.8576388890625 0.5947265625 0.8611111109375 0.5966796875 0.8645833328125001 0.599609375 0.862847221875 0.603515625 0.8524305562500001 0.60546875 0.828125 0.611328125 0.8072916671874999 0.611328125 0.800347221875 0.62109375 0.7760416671875 0.6318359375 0.7569444437499999 0.6416015625 0.746527778125 0.6591796875 0.7395833328125
0 0.794921875 0.8420138890625 0.794921875 0.8350694437499999 0.7890625 0.8142361109375 0.7763671875 0.7916666671875 0.7587890625 0.7708333328125 0.7294921875 0.746527778125 0.7236328125 0.746527778125 0.7138671875 0.7395833328125 0.7060546875 0.7395833328125 0.7041015625 0.7361111109375 0.6650390625 0.7361111109375 0.6357421875 0.753472221875 0.6298828125 0.7604166671875 0.615234375 0.7899305562500001 0.607421875 0.8177083328125001 0.607421875 0.828125 0.6015625 0.859375 0.6015625 0.894097221875 0.607421875 0.921875 0.611328125 0.9288194437499999 0.61328125 0.9392361109375 0.6259765625 0.9618055562500001 0.6396484375 0.972222221875 0.703125 0.9739583328125001 0.7900390625 0.972222221875 0.802734375 0.9600694437499999 0.806640625 0.9461805562500001 0.806640625 0.918402778125 0.8046875 0.9149305562500001 0.806640625 0.9079861109375 0.806640625 0.8802083328125001 0.794921875 0.8420138890625
0 0.9326171875 0.746527778125 0.9052734375 0.7708333328125 0.8837890625 0.809027778125 0.875 0.8177083328125001 0.873046875 0.824652778125 0.875 0.8350694437499999 0.869140625 0.859375 0.8671875 0.8836805562500001 0.87109375 0.9010416671874999 0.8798828125 0.9166666671874999 0.8955078125 0.9270833328125001 0.9111328125 0.9479166671874999 0.9267578125 0.9618055562500001 0.9384765625 0.9618055562500001 0.9404296875 0.965277778125 0.99609375 0.9635416671874999 1 0.9600694437499999 0.9990234375 0.7395833328125 0.9931640625 0.7361111109375 0.9599609375 0.7361111109375 0.9580078125 0.7395833328125 0.9482421875 0.7395833328125 0.9462890625 0.7430555562500001 0.9326171875 0.746527778125
0 0.9326171875 0.746527778125 0.93359375 0.7413194437499999 0.9208984375 0.715277778125 0.8955078125 0.684027778125 0.8798828125 0.6701388890625 0.8681640625 0.6631944437499999 0.8408203125 0.6631944437499999 0.8232421875 0.6770833328125 0.80078125 0.7170138890625 0.791015625 0.7552083328125 0.7890625 0.7864583328125 0.79296875 0.8072916671874999 0.8056640625 0.8333333328125001 0.8134765625 0.840277778125 0.8193359375 0.840277778125 0.8369140625 0.8506944437499999 0.86328125 0.8524305562500001 0.8681640625 0.8506944437499999 0.873046875 0.8420138890625 0.873046875 0.8177083328125001 0.8759765625 0.8125 0.8818359375 0.809027778125 0.8916015625 0.7951388890625 0.9072265625 0.7673611109375 0.9326171875 0.746527778125
0 0.7880859375 0.628472221875 0.7763671875 0.628472221875 0.7724609375 0.625 0.7705078125 0.628472221875 0.7587890625 0.628472221875 0.7529296875 0.6354166671875 0.7490234375 0.6354166671875 0.736328125 0.6649305562500001 0.736328125 0.671875 0.7265625 0.703125 0.7265625 0.7274305562500001 0.73046875 0.7413194437499999 0.7373046875 0.753472221875 0.7412109375 0.753472221875 0.7607421875 0.7708333328125 0.7646484375 0.777777778125 0.7890625 0.7760416671875 0.791015625 0.7517361109375 0.798828125 0.7204861109375 0.8173828125 0.684027778125 0.826171875 0.675347221875 0.82421875 0.6614583328125 0.8076171875 0.6388888890625 0.7900390625 0.6319444437499999 0.7880859375 0.628472221875
0 0.7333984375 0.6076388890625 0.7314453125 0.6041666671875 0.7275390625 0.6076388890625 0.7158203125 0.6076388890625 0.7001953125 0.621527778125 0.6875 0.6475694437499999 0.677734375 0.6857638890625 0.681640625 0.703125 0.6904296875 0.71875 0.724609375 0.7204861109375 0.7265625 0.7170138890625 0.7265625 0.699652778125 0.73828125 0.6579861109375 0.7490234375 0.6354166671875 0.763671875 0.6267361109375 0.7587890625 0.6180555562500001 0.7451171875 0.6076388890625 0.7333984375 0.6076388890625
0 0.6669921875 0.5833333328125 0.6494140625 0.597222221875 0.638671875 0.6163194437499999 0.634765625 0.6302083328125 0.634765625 0.6579861109375 0.63671875 0.6649305562500001 0.6416015625 0.6701388890625 0.6533203125 0.6701388890625 0.6669921875 0.6805555562500001 0.6748046875 0.690972221875 0.677734375 0.6892361109375 0.677734375 0.6822916671875 0.69140625 0.637152778125 0.7001953125 0.621527778125 0.7080078125 0.6145833328125 0.708984375 0.609375 0.6923828125 0.5868055562500001 0.6865234375 0.5833333328125 0.6669921875 0.5833333328125
0 0.7841796875 0.597222221875 0.771484375 0.6197916671875 0.7724609375 0.625 0.7783203125 0.628472221875 0.7900390625 0.628472221875 0.8076171875 0.6388888890625 0.8154296875 0.6458333328125 0.8232421875 0.659722221875 0.82421875 0.6579861109375 0.83203125 0.6336805562500001 0.845703125 0.612847221875 0.845703125 0.605902778125 0.8330078125 0.590277778125 0.8212890625 0.5868055562500001 0.8193359375 0.5833333328125 0.7958984375 0.5868055562500001 0.7841796875 0.597222221875
0 0.8291015625 0.6701388890625 0.8466796875 0.659722221875 0.8583984375 0.659722221875 0.8603515625 0.6631944437499999 0.8701171875 0.6631944437499999 0.8818359375 0.6736111109375 0.890625 0.671875 0.916015625 0.6302083328125 0.9072265625 0.6145833328125 0.8818359375 0.597222221875 0.8662109375 0.597222221875 0.8486328125 0.6076388890625 0.833984375 0.6302083328125 0.82421875 0.6579861109375 0.8291015625 0.6701388890625
0 0.9873046875 0.652777778125 0.9677734375 0.6354166671875 0.9619140625 0.6354166671875 0.9521484375 0.628472221875 0.9228515625 0.628472221875 0.9130859375 0.6354166671875 0.890625 0.671875 0.890625 0.6788194437499999 0.9033203125 0.690972221875 0.9111328125 0.7048611109375 0.9208984375 0.715277778125 0.9365234375 0.7430555562500001 0.94140625 0.7413194437499999 0.9501953125 0.7361111109375 0.9736328125 0.7361111109375 0.9755859375 0.7326388890625 0.9794921875 0.7361111109375 0.9970703125 0.7361111109375 0.9990234375 0.7395833328125 1 0.675347221875 0.9873046875 0.652777778125