0 0.0576171875 0.590277778125 0.052734375 0.5989583328125 0.0576171875 0.6076388890625 0.0654296875 0.6111111109375 0.080078125 0.640625 0.08203125 0.6579861109375 0.0859375 0.6579861109375 0.0888671875 0.6493055562500001 0.1025390625 0.6319444437499999 0.1201171875 0.625 0.12109375 0.612847221875 0.1083984375 0.59375 0.0869140625 0.5798611109375 0.0751953125 0.5798611109375 0.0576171875 0.590277778125
0 0 0.6892361109375 0.00390625 0.6892361109375 0.0263671875 0.6701388890625 0.0439453125 0.6701388890625 0.0458984375 0.6666666671875 0.0732421875 0.6666666671875 0.0751953125 0.6701388890625 0.08203125 0.6649305562500001 0.08203125 0.6510416671875 0.076171875 0.6302083328125 0.0673828125 0.6145833328125 0.0576171875 0.6076388890625 0.0517578125 0.597222221875 0.0400390625 0.590277778125 0.0166015625 0.590277778125 0 0.605902778125 0 0.6892361109375
0 0.0205078125 0.753472221875 0.0048828125 0.7361111109375 0.0009765625 0.7361111109375 0 0.9704861109375 0.0078125 0.9704861109375 0.0185546875 0.9618055562500001 0.037109375 0.921875 0.04296875 0.894097221875 0.04296875 0.862847221875 0.041015625 0.859375 0.041015625 0.8177083328125001 0.03125 0.7725694437499999 0.0205078125 0.753472221875
0 0 0.730902778125 0.025390625 0.7586805562500001 0.037109375 0.793402778125 0.041015625 0.8142361109375 0.041015625 0.828125 0.04296875 0.8350694437499999 0.0458984375 0.840277778125 0.046875 0.8385416671874999 0.1123046875 0.8368055562500001 0.1220703125 0.8298611109375 0.126953125 0.8211805562500001 0.1328125 0.796875 0.1328125 0.7586805562500001 0.130859375 0.7552083328125 0.126953125 0.7239583328125 0.1162109375 0.7013888890625 0.1025390625 0.684027778125 0.0986328125 0.684027778125 0.0810546875 0.6701388890625 0.0322265625 0.6701388890625 0.0302734375 0.6736111109375 0.0166015625 0.6770833328125 0 0.6961805562500001 0 0.730902778125
0 0.1142578125 0.625 0.0966796875 0.6388888890625 0.08203125 0.668402778125 0.0849609375 0.6736111109375 0.0888671875 0.6736111109375 0.0986328125 0.684027778125 0.1064453125 0.6875 0.12109375 0.7100694437499999 0.12890625 0.730902778125 0.12890625 0.7413194437499999 0.134765625 0.762152778125 0.134765625 0.7760416671875 0.1396484375 0.7881944437499999 0.1435546875 0.7916666671875 0.16015625 0.7899305562500001 0.1826171875 0.7569444437499999 0.1904296875 0.75 0.197265625 0.734375 0.197265625 0.7135416671875 0.189453125 0.6822916671875 0.1689453125 0.6423611109375 0.1474609375 0.625 0.1142578125 0.625
0 0.1923828125 0.59375 0.1708984375 0.59375 0.1494140625 0.6111111109375 0.14453125 0.6232638890625 0.1591796875 0.6319444437499999 0.1689453125 0.6423611109375 0.189453125 0.6822916671875 0.197265625 0.7135416671875 0.197265625 0.734375 0.201171875 0.734375 0.2197265625 0.722222221875 0.2275390625 0.722222221875 0.236328125 0.699652778125 0.236328125 0.6649305562500001 0.2265625 0.6302083328125 0.2158203125 0.6111111109375 0.2119140625 0.6111111109375 0.1923828125 0.59375
0 0.2275390625 0.5763888890625 0.2138671875 0.5763888890625 0.1962890625 0.5868055562500001 0.193359375 0.5920138890625 0.1943359375 0.597222221875 0.1982421875 0.597222221875 0.2119140625 0.6111111109375 0.2158203125 0.6111111109375 0.2265625 0.6302083328125 0.236328125 0.6649305562500001 0.236328125 0.6961805562500001 0.240234375 0.6961805562500001 0.25 0.6788194437499999 0.25390625 0.6614583328125 0.25390625 0.6475694437499999 0.255859375 0.644097221875 0.255859375 0.6267361109375 0.25 0.605902778125 0.2373046875 0.5833333328125 0.2275390625 0.5763888890625
0 0.3330078125 0.6041666671875 0.3369140625 0.6006944437499999 0.3642578125 0.6006944437499999 0.3779296875 0.6111111109375 0.392578125 0.640625 0.396484375 0.6545138890625 0.3984375 0.675347221875 0.40234375 0.675347221875 0.408203125 0.6649305562500001 0.408203125 0.637152778125 0.40234375 0.6163194437499999 0.3896484375 0.59375 0.3681640625 0.5763888890625 0.3525390625 0.5763888890625 0.333984375 0.5954861109375 0.3330078125 0.6041666671875
0 0.3193359375 0.6145833328125 0.3125 0.6267361109375 0.3447265625 0.625 0.3564453125 0.6319444437499999 0.3681640625 0.6423611109375 0.3828125 0.668402778125 0.38671875 0.6788194437499999 0.388671875 0.6961805562500001 0.3916015625 0.7013888890625 0.396484375 0.699652778125 0.3984375 0.6927083328125 0.396484375 0.6545138890625 0.388671875 0.6302083328125 0.3779296875 0.6111111109375 0.3701171875 0.6041666671875 0.3642578125 0.6006944437499999 0.3349609375 0.6006944437499999 0.3193359375 0.6145833328125
0 0.3056640625 0.6354166671875 0.291015625 0.6545138890625 0.2919921875 0.659722221875 0.3154296875 0.6631944437499999 0.3349609375 0.6770833328125 0.3427734375 0.6875 0.357421875 0.7170138890625 0.357421875 0.7239583328125 0.36328125 0.737847221875 0.3671875 0.765625 0.376953125 0.765625 0.388671875 0.7482638890625 0.392578125 0.7274305562500001 0.392578125 0.7100694437499999 0.3828125 0.668402778125 0.3681640625 0.6423611109375 0.3447265625 0.625 0.3212890625 0.625 0.3056640625 0.6354166671875
0 0.3427734375 0.6875 0.3232421875 0.6666666671875 0.3076171875 0.6631944437499999 0.3056640625 0.659722221875 0.2822265625 0.659722221875 0.2490234375 0.684027778125 0.236328125 0.706597221875 0.232421875 0.7170138890625 0.2333984375 0.7256944437499999 0.2587890625 0.7256944437499999 0.2607421875 0.7291666671875 0.2685546875 0.7291666671875 0.2978515625 0.75 0.3076171875 0.7638888890625 0.318359375 0.7864583328125 0.330078125 0.8177083328125001 0.3359375 0.8420138890625 0.3408203125 0.8506944437499999 0.341796875 0.8489583328125001 0.3486328125 0.84375 0.361328125 0.8211805562500001 0.3671875 0.800347221875 0.3671875 0.762152778125 0.365234375 0.7586805562500001 0.365234375 0.7482638890625 0.357421875 0.7204861109375 0.3427734375 0.6875
0 0.337890625 0.8454861109375 0.326171875 0.8072916671874999 0.318359375 0.7864583328125 0.2978515625 0.75 0.2861328125 0.7395833328125 0.2685546875 0.7326388890625 0.2666015625 0.7291666671875 0.2568359375 0.7291666671875 0.2548828125 0.7256944437499999 0.2197265625 0.7256944437499999 0.2080078125 0.7326388890625 0.1767578125 0.7673611109375 0.154296875 0.8072916671874999 0.142578125 0.8489583328125001 0.142578125 0.855902778125 0.134765625 0.887152778125 0.134765625 0.9010416671874999 0.1484375 0.9635416671874999 0.1572265625 0.9791666671874999 0.1611328125 0.9826388890625 0.23046875 0.980902778125 0.2861328125 0.9756944437499999 0.2900390625 0.96875 0.2958984375 0.96875 0.3154296875 0.9513888890625 0.3251953125 0.9375 0.33984375 0.8975694437499999 0.341796875 0.8663194437499999 0.337890625 0.8454861109375
0 0.7509765625 0.7604166671875 0.7470703125 0.7604166671875 0.7373046875 0.75 0.7197265625 0.7395833328125 0.7001953125 0.7361111109375 0.6982421875 0.7326388890625 0.6689453125 0.7326388890625 0.6669921875 0.7361111109375 0.6591796875 0.7361111109375 0.6376953125 0.75 0.619140625 0.7795138890625 0.61328125 0.793402778125 0.60546875 0.828125 0.60546875 0.8385416671874999 0.6015625 0.855902778125 0.6015625 0.8975694437499999 0.611328125 0.9357638890625 0.6240234375 0.9618055562500001 0.6474609375 0.9756944437499999 0.75 0.9739583328125001 0.7919921875 0.972222221875 0.7978515625 0.96875 0.806640625 0.949652778125 0.806640625 0.8767361109375 0.794921875 0.8385416671874999 0.791015625 0.8177083328125001 0.7783203125 0.7916666671875 0.7509765625 0.7604166671875
0 0.6630859375 0.7361111109375 0.6650390625 0.7326388890625 0.689453125 0.730902778125 0.689453125 0.7204861109375 0.6748046875 0.690972221875 0.6630859375 0.6770833328125 0.6513671875 0.6701388890625 0.6396484375 0.6701388890625 0.6376953125 0.6666666671875 0.6357421875 0.6701388890625 0.6220703125 0.6701388890625 0.6201171875 0.6736111109375 0.6123046875 0.6736111109375 0.5869140625 0.6944444437499999 0.568359375 0.7239583328125 0.560546875 0.7586805562500001 0.55859375 0.8072916671874999 0.564453125 0.824652778125 0.5810546875 0.8576388890625 0.5927734375 0.8645833328125001 0.599609375 0.862847221875 0.603515625 0.8524305562500001 0.603515625 0.8385416671874999 0.60546875 0.8350694437499999 0.607421875 0.8142361109375 0.615234375 0.7864583328125 0.6337890625 0.753472221875 0.6455078125 0.7430555562500001 0.6630859375 0.7361111109375
0 0.626953125 0.6545138890625 0.6103515625 0.6354166671875 0.5986328125 0.628472221875 0.5751953125 0.628472221875 0.5732421875 0.6319444437499999 0.5654296875 0.6319444437499999 0.5439453125 0.6493055562500001 0.529296875 0.6788194437499999 0.52734375 0.706597221875 0.525390625 0.7100694437499999 0.525390625 0.734375 0.529296875 0.7482638890625 0.5380859375 0.7604166671875 0.5498046875 0.7638888890625 0.5517578125 0.7673611109375 0.560546875 0.765625 0.5625 0.7447916671875 0.5751953125 0.7083333328125 0.6064453125 0.6770833328125 0.6181640625 0.6736111109375 0.6201171875 0.6701388890625 0.6279296875 0.6701388890625 0.62890625 0.6614583328125 0.626953125 0.6545138890625
0 0.6083984375 0.6180555562500001 0.6005859375 0.6111111109375 0.5888671875 0.6076388890625 0.5869140625 0.6041666671875 0.5634765625 0.6041666671875 0.5478515625 0.6180555562500001 0.533203125 0.644097221875 0.52734375 0.668402778125 0.52734375 0.671875 0.5302734375 0.6770833328125 0.53125 0.675347221875 0.5458984375 0.6458333328125 0.5751953125 0.628472221875 0.5986328125 0.628472221875 0.6103515625 0.6354166671875 0.6201171875 0.6493055562500001 0.6220703125 0.6493055562500001 0.623046875 0.644097221875 0.6083984375 0.6180555562500001
0 0.5361328125 0.59375 0.53125 0.6024305562500001 0.521484375 0.644097221875 0.521484375 0.6614583328125 0.5234375 0.668402778125 0.5263671875 0.6736111109375 0.52734375 0.671875 0.533203125 0.644097221875 0.5498046875 0.6145833328125 0.5634765625 0.6041666671875 0.58984375 0.6024305562500001 0.5849609375 0.59375 0.5693359375 0.5833333328125 0.5498046875 0.5833333328125 0.5361328125 0.59375
0 0.6494140625 0.597222221875 0.638671875 0.6163194437499999 0.634765625 0.6302083328125 0.634765625 0.6579861109375 0.6376953125 0.6666666671875 0.6552734375 0.6701388890625 0.6728515625 0.6875 0.677734375 0.6857638890625 0.6796875 0.671875 0.689453125 0.640625 0.7021484375 0.6180555562500001 0.7080078125 0.6145833328125 0.708984375 0.605902778125 0.6884765625 0.5833333328125 0.6650390625 0.5833333328125 0.6494140625 0.597222221875
0 0.7607421875 0.6180555562500001 0.7529296875 0.6111111109375 0.7412109375 0.6076388890625 0.7392578125 0.6041666671875 0.7216796875 0.6041666671875 0.7197265625 0.6076388890625 0.7138671875 0.6076388890625 0.7001953125 0.621527778125 0.6875 0.6475694437499999 0.677734375 0.6822916671875 0.6796875 0.6961805562500001 0.6943359375 0.7291666671875 0.7177734375 0.7361111109375 0.7255859375 0.7430555562500001 0.728515625 0.7413194437499999 0.7265625 0.7204861109375 0.724609375 0.7170138890625 0.728515625 0.6822916671875 0.73828125 0.6545138890625 0.7509765625 0.6319444437499999 0.7587890625 0.628472221875 0.76171875 0.6232638890625 0.7607421875 0.6180555562500001
0 0.7978515625 0.6319444437499999 0.7822265625 0.628472221875 0.7802734375 0.625 0.7568359375 0.628472221875 0.7490234375 0.6354166671875 0.732421875 0.671875 0.724609375 0.7135416671875 0.7265625 0.7170138890625 0.7265625 0.7274305562500001 0.7333984375 0.746527778125 0.7451171875 0.753472221875 0.7705078125 0.78125 0.787109375 0.7795138890625 0.7890625 0.7760416671875 0.791015625 0.7482638890625 0.798828125 0.7170138890625 0.8212890625 0.6770833328125 0.8232421875 0.6770833328125 0.826171875 0.668402778125 0.8154296875 0.6458333328125 0.7978515625 0.6319444437499999
0 0.9306640625 0.746527778125 0.93359375 0.737847221875 0.9248046875 0.71875 0.8876953125 0.6736111109375 0.8837890625 0.6736111109375 0.8720703125 0.6631944437499999 0.8447265625 0.659722221875 0.8212890625 0.6770833328125 0.80078125 0.7135416671875 0.791015625 0.7517361109375 0.7890625 0.7899305562500001 0.794921875 0.8142361109375 0.8056640625 0.8333333328125001 0.8134765625 0.840277778125 0.8330078125 0.847222221875 0.8349609375 0.8506944437499999 0.8466796875 0.8506944437499999 0.8486328125 0.8541666671874999 0.865234375 0.8524305562500001 0.869140625 0.8489583328125001 0.873046875 0.8350694437499999 0.873046875 0.8177083328125001 0.8798828125 0.8055555562500001 0.8896484375 0.7951388890625 0.9052734375 0.7673611109375 0.9189453125 0.753472221875 0.9306640625 0.746527778125
0 0.9208984375 0.753472221875 0.9091796875 0.7638888890625 0.9013671875 0.7743055562500001 0.8955078125 0.7881944437499999 0.875 0.8142361109375 0.873046875 0.8211805562500001 0.873046875 0.8420138890625 0.8671875 0.862847221875 0.8671875 0.890625 0.8779296875 0.9131944437499999 0.9033203125 0.934027778125 0.9091796875 0.9444444437499999 0.9267578125 0.9618055562500001 0.9345703125 0.9618055562500001 0.9365234375 0.965277778125 1 0.9635416671874999 0.9990234375 0.7361111109375 0.9716796875 0.7326388890625 0.9697265625 0.7361111109375 0.9501953125 0.7361111109375 0.9345703125 0.746527778125 0.9287109375 0.746527778125 0.9248046875 0.753472221875 0.9208984375 0.753472221875
0 0.9638671875 0.6354166671875 0.9462890625 0.625 0.9345703125 0.625 0.9326171875 0.628472221875 0.9169921875 0.6319444437499999 0.9091796875 0.6388888890625 0.890625 0.668402778125 0.890625 0.675347221875 0.8955078125 0.684027778125 0.9013671875 0.6875 0.9150390625 0.7083333328125 0.9228515625 0.715277778125 0.9345703125 0.7395833328125 0.943359375 0.737847221875 0.9541015625 0.7361111109375 0.9560546875 0.7326388890625 0.9931640625 0.7326388890625 0.9990234375 0.7361111109375 1 0.675347221875 0.9853515625 0.6493055562500001 0.9697265625 0.6354166671875 0.9638671875 0.6354166671875
0 0.8505859375 0.6041666671875 0.830078125 0.637152778125 0.82421875 0.6579861109375 0.8271484375 0.6666666671875 0.8349609375 0.6666666671875 0.8427734375 0.659722221875 0.8642578125 0.659722221875 0.8662109375 0.6631944437499999 0.8740234375 0.6631944437499999 0.8857421875 0.6736111109375 0.890625 0.671875 0.89453125 0.6614583328125 0.9111328125 0.6388888890625 0.916015625 0.6267361109375 0.9072265625 0.6145833328125 0.8837890625 0.597222221875 0.8662109375 0.597222221875 0.8642578125 0.6006944437499999 0.8505859375 0.6041666671875
0 0.771484375 0.6197916671875 0.7724609375 0.625 0.7919921875 0.628472221875 0.8037109375 0.6354166671875 0.8154296875 0.6458333328125 0.8212890625 0.65625 0.82421875 0.6545138890625 0.828125 0.6475694437499999 0.830078125 0.637152778125 0.84765625 0.609375 0.8447265625 0.6006944437499999 0.8291015625 0.5868055562500001 0.8017578125 0.5833333328125 0.7861328125 0.59375 0.771484375 0.6197916671875