0 0.337890625 0.7135416671875 0.3193359375 0.6770833328125 0.3056640625 0.659722221875 0.2705078125 0.6354166671875 0.2353515625 0.6354166671875 0.2197265625 0.6458333328125 0.2138671875 0.6458333328125 0.1982421875 0.659722221875 0.1748046875 0.6944444437499999 0.1484375 0.7552083328125 0.138671875 0.796875 0.134765625 0.8454861109375 0.140625 0.8767361109375 0.1611328125 0.9166666671874999 0.30859375 0.9149305562500001 0.3154296875 0.9131944437499999 0.3251953125 0.902777778125 0.3330078125 0.8923611109375 0.34765625 0.862847221875 0.35546875 0.8350694437499999 0.357421875 0.7899305562500001 0.349609375 0.7482638890625 0.337890625 0.7135416671875
0 0.416015625 0.6649305562500001 0.40625 0.637152778125 0.3740234375 0.590277778125 0.3623046875 0.5833333328125 0.3369140625 0.5798611109375 0.3349609375 0.5833333328125 0.3232421875 0.5833333328125 0.3037109375 0.597222221875 0.2900390625 0.6145833328125 0.279296875 0.637152778125 0.2861328125 0.6458333328125 0.3037109375 0.65625 0.3154296875 0.6701388890625 0.3359375 0.706597221875 0.33984375 0.7204861109375 0.345703125 0.730902778125 0.35546875 0.7795138890625 0.3583984375 0.784722221875 0.365234375 0.7829861109375 0.3857421875 0.78125 0.3955078125 0.7673611109375 0.4072265625 0.7638888890625 0.416015625 0.7482638890625 0.421875 0.7239583328125 0.421875 0.6927083328125 0.41796875 0.6822916671875 0.416015625 0.6649305562500001
0 0.103515625 0.703125 0.0908203125 0.6770833328125 0.0732421875 0.652777778125 0.0419921875 0.628472221875 0.0166015625 0.628472221875 0.0146484375 0.625 0.0107421875 0.628472221875 0.0009765625 0.628472221875 0 0.9045138890625 0.0087890625 0.909722221875 0.03515625 0.9079861109375 0.0595703125 0.902777778125 0.0810546875 0.8854166671874999 0.0986328125 0.8645833328125001 0.111328125 0.8420138890625 0.119140625 0.8142361109375 0.119140625 0.765625 0.111328125 0.7239583328125 0.103515625 0.703125
0 0.0849609375 0.590277778125 0.0830078125 0.5868055562500001 0.0615234375 0.5868055562500001 0.0263671875 0.6076388890625 0.017578125 0.6197916671875 0.0185546875 0.625 0.0439453125 0.628472221875 0.0751953125 0.652777778125 0.1015625 0.6961805562500001 0.1201171875 0.7569444437499999 0.1259765625 0.7604166671875 0.1318359375 0.7569444437499999 0.1337890625 0.7604166671875 0.142578125 0.762152778125 0.16015625 0.7239583328125 0.16015625 0.6927083328125 0.158203125 0.6892361109375 0.154296875 0.6579861109375 0.146484375 0.637152778125 0.1298828125 0.6111111109375 0.1103515625 0.59375 0.0849609375 0.590277778125
0 0.23828125 0.6024305562500001 0.2236328125 0.5763888890625 0.2060546875 0.559027778125 0.2001953125 0.559027778125 0.1982421875 0.5555555562500001 0.1904296875 0.5555555562500001 0.1884765625 0.5520833328125 0.1611328125 0.5520833328125 0.1552734375 0.559027778125 0.1416015625 0.565972221875 0.12109375 0.5989583328125 0.1220703125 0.6041666671875 0.1337890625 0.6145833328125 0.1484375 0.640625 0.15625 0.6649305562500001 0.162109375 0.7100694437499999 0.166015625 0.7100694437499999 0.1884765625 0.6701388890625 0.2021484375 0.652777778125 0.2158203125 0.6423611109375 0.2216796875 0.6423611109375 0.2294921875 0.6354166671875 0.244140625 0.6302083328125 0.244140625 0.6197916671875 0.23828125 0.6024305562500001
0 0.1962890625 0.53125 0.1796875 0.546875 0.1806640625 0.5520833328125 0.2060546875 0.559027778125 0.2216796875 0.5729166671875 0.2294921875 0.5833333328125 0.240234375 0.605902778125 0.244140625 0.6163194437499999 0.244140625 0.6232638890625 0.2490234375 0.6319444437499999 0.2578125 0.6302083328125 0.259765625 0.6267361109375 0.259765625 0.5989583328125 0.255859375 0.578125 0.2392578125 0.5451388890625 0.2275390625 0.534722221875 0.2099609375 0.527777778125 0.2080078125 0.53125 0.1962890625 0.53125
0 0.2451171875 0.5104166671875 0.2431640625 0.5138888890625 0.2373046875 0.5138888890625 0.2275390625 0.5243055562500001 0.224609375 0.5329861109375 0.2373046875 0.5416666671875 0.25390625 0.5711805562500001 0.259765625 0.5989583328125 0.259765625 0.6302083328125 0.2685546875 0.6319444437499999 0.2705078125 0.6354166671875 0.27734375 0.6336805562500001 0.283203125 0.6232638890625 0.2890625 0.6024305562500001 0.296875 0.5850694437499999 0.296875 0.5711805562500001 0.2890625 0.5399305562500001 0.2724609375 0.5173611109375 0.2607421875 0.5104166671875 0.2451171875 0.5104166671875
0 0.287109375 0.612847221875 0.2880859375 0.6180555562500001 0.3037109375 0.597222221875 0.3232421875 0.5833333328125 0.3486328125 0.5798611109375 0.3505859375 0.5833333328125 0.3701171875 0.5868055562500001 0.3779296875 0.59375 0.3896484375 0.6145833328125 0.4013671875 0.6319444437499999 0.40234375 0.6302083328125 0.404296875 0.6267361109375 0.39453125 0.5920138890625 0.3759765625 0.5625 0.3564453125 0.5486111109375 0.3330078125 0.5486111109375 0.3115234375 0.565972221875 0.291015625 0.5989583328125 0.287109375 0.612847221875
0 0.3486328125 0.534722221875 0.341796875 0.543402778125 0.3427734375 0.5486111109375 0.3564453125 0.5486111109375 0.3623046875 0.5520833328125 0.3759765625 0.5625 0.3837890625 0.5729166671875 0.3984375 0.6024305562500001 0.404296875 0.6336805562500001 0.4072265625 0.6388888890625 0.41015625 0.637152778125 0.416015625 0.6163194437499999 0.4140625 0.5885416671875 0.41015625 0.574652778125 0.3935546875 0.5451388890625 0.3740234375 0.53125 0.3564453125 0.53125 0.3544921875 0.534722221875 0.3486328125 0.534722221875
0 0.3955078125 0.5243055562500001 0.388671875 0.5399305562500001 0.3994140625 0.5520833328125 0.412109375 0.578125 0.416015625 0.5989583328125 0.416015625 0.6232638890625 0.4228515625 0.628472221875 0.443359375 0.6267361109375 0.4521484375 0.621527778125 0.458984375 0.605902778125 0.458984375 0.578125 0.451171875 0.546875 0.4404296875 0.527777778125 0.4228515625 0.5138888890625 0.4091796875 0.5138888890625 0.3955078125 0.5243055562500001
0 0.0986328125 0.5138888890625 0.08203125 0.5329861109375 0.080078125 0.5399305562500001 0.0888671875 0.5486111109375 0.103515625 0.574652778125 0.10546875 0.5850694437499999 0.1103515625 0.59375 0.1142578125 0.597222221875 0.12109375 0.5954861109375 0.1435546875 0.5625 0.158203125 0.5538194437499999 0.15625 0.5399305562500001 0.1474609375 0.5243055562500001 0.1318359375 0.5104166671875 0.1142578125 0.5069444437499999 0.1123046875 0.5104166671875 0.0986328125 0.5138888890625
0 0.0380859375 0.527777778125 0.0361328125 0.53125 0.0283203125 0.53125 0.0166015625 0.5381944437499999 0.01171875 0.546875 0.0126953125 0.5555555562500001 0.0322265625 0.5694444437499999 0.0380859375 0.5763888890625 0.0458984375 0.59375 0.048828125 0.5920138890625 0.0576171875 0.590277778125 0.0595703125 0.5868055562500001 0.1044921875 0.590277778125 0.10546875 0.581597221875 0.0888671875 0.5486111109375 0.0830078125 0.5416666671875 0.0654296875 0.53125 0.0380859375 0.527777778125
0 0.0205078125 0.5625 0.0068359375 0.5486111109375 0.0009765625 0.5486111109375 0 0.6267361109375 0.005859375 0.6267361109375 0.0126953125 0.625 0.0185546875 0.6145833328125 0.0341796875 0.6006944437499999 0.0380859375 0.6006944437499999 0.044921875 0.5920138890625 0.04296875 0.5850694437499999 0.0322265625 0.5694444437499999 0.0205078125 0.5625
0 0.775390625 0.8385416671874999 0.77734375 0.8350694437499999 0.77734375 0.800347221875 0.767578125 0.7517361109375 0.7578125 0.7239583328125 0.7392578125 0.690972221875 0.7236328125 0.6701388890625 0.7041015625 0.652777778125 0.6982421875 0.652777778125 0.6806640625 0.6423611109375 0.6611328125 0.6423611109375 0.6591796875 0.6458333328125 0.6337890625 0.6493055562500001 0.6220703125 0.659722221875 0.6181640625 0.659722221875 0.6064453125 0.6736111109375 0.59375 0.6961805562500001 0.587890625 0.7100694437499999 0.576171875 0.7552083328125 0.57421875 0.8072916671874999 0.576171875 0.8107638890625 0.578125 0.8350694437499999 0.5859375 0.862847221875 0.58984375 0.8697916671874999 0.591796875 0.8802083328125001 0.6005859375 0.8958333328125001 0.6083984375 0.90625 0.6181640625 0.9131944437499999 0.6455078125 0.9166666671874999 0.6474609375 0.9201388890625 0.6669921875 0.9201388890625 0.6689453125 0.9236111109375 0.697265625 0.921875 0.7216796875 0.9201388890625 0.7275390625 0.909722221875 0.7392578125 0.90625 0.7412109375 0.902777778125 0.7509765625 0.902777778125 0.763671875 0.887152778125 0.775390625 0.8524305562500001 0.775390625 0.8385416671874999
0 0.6923828125 0.6458333328125 0.693359375 0.640625 0.689453125 0.6302083328125 0.6748046875 0.6076388890625 0.6513671875 0.5868055562500001 0.6416015625 0.5868055562500001 0.6396484375 0.5833333328125 0.6142578125 0.5833333328125 0.5888671875 0.6006944437499999 0.572265625 0.6267361109375 0.560546875 0.6649305562500001 0.55859375 0.7135416671875 0.56640625 0.7517361109375 0.5732421875 0.7638888890625 0.57421875 0.762152778125 0.58984375 0.703125 0.6142578125 0.6631944437499999 0.6318359375 0.6493055562500001 0.6513671875 0.6458333328125 0.6533203125 0.6423611109375 0.6826171875 0.6423611109375 0.6845703125 0.6458333328125 0.6923828125 0.6458333328125
0 0.6259765625 0.559027778125 0.5947265625 0.559027778125 0.5927734375 0.5625 0.5791015625 0.565972221875 0.5654296875 0.5798611109375 0.55078125 0.605902778125 0.541015625 0.640625 0.541015625 0.668402778125 0.546875 0.6927083328125 0.5537109375 0.7013888890625 0.55859375 0.699652778125 0.560546875 0.6614583328125 0.56640625 0.640625 0.5830078125 0.6076388890625 0.5966796875 0.59375 0.6142578125 0.5833333328125 0.6484375 0.5850694437499999 0.6416015625 0.5729166671875 0.6259765625 0.559027778125
0 0.5849609375 0.5381944437499999 0.5576171875 0.5381944437499999 0.5556640625 0.5416666671875 0.5498046875 0.5416666671875 0.5380859375 0.5520833328125 0.51953125 0.5850694437499999 0.513671875 0.605902778125 0.515625 0.6336805562500001 0.5263671875 0.65625 0.5341796875 0.6631944437499999 0.5390625 0.6614583328125 0.54296875 0.6302083328125 0.55078125 0.605902778125 0.5673828125 0.5763888890625 0.5791015625 0.565972221875 0.6005859375 0.559027778125 0.6015625 0.5572916671875 0.5947265625 0.5451388890625 0.5849609375 0.5381944437499999
0 0.5361328125 0.527777778125 0.52734375 0.543402778125 0.51953125 0.5711805562500001 0.51953125 0.581597221875 0.521484375 0.581597221875 0.5283203125 0.565972221875 0.5458984375 0.5451388890625 0.5576171875 0.5381944437499999 0.591796875 0.5399305562500001 0.5810546875 0.5243055562500001 0.5712890625 0.5173611109375 0.5498046875 0.5173611109375 0.5361328125 0.527777778125
0 0.6806640625 0.5208333328125 0.6689453125 0.53125 0.662109375 0.5399305562500001 0.650390625 0.5711805562500001 0.6513671875 0.5868055562500001 0.6728515625 0.6041666671875 0.6904296875 0.6319444437499999 0.69140625 0.6302083328125 0.693359375 0.6267361109375 0.693359375 0.5920138890625 0.697265625 0.574652778125 0.701171875 0.5642361109375 0.71875 0.5364583328125 0.7158203125 0.527777778125 0.6982421875 0.5173611109375 0.6806640625 0.5208333328125
0 0.7333984375 0.527777778125 0.7119140625 0.5451388890625 0.697265625 0.574652778125 0.693359375 0.5954861109375 0.693359375 0.6302083328125 0.6953125 0.640625 0.7001953125 0.6493055562500001 0.7119140625 0.659722221875 0.7177734375 0.6631944437499999 0.72265625 0.6614583328125 0.724609375 0.6197916671875 0.73046875 0.5989583328125 0.7529296875 0.5625 0.7724609375 0.5520833328125 0.7734375 0.550347221875 0.7666015625 0.5381944437499999 0.7509765625 0.527777778125 0.7333984375 0.527777778125
0 0.8232421875 0.5694444437499999 0.8076171875 0.5555555562500001 0.7978515625 0.5555555562500001 0.7958984375 0.5520833328125 0.7685546875 0.5520833328125 0.7451171875 0.5729166671875 0.732421875 0.5954861109375 0.724609375 0.6232638890625 0.72265625 0.6649305562500001 0.7412109375 0.690972221875 0.7568359375 0.71875 0.7890625 0.7204861109375 0.7890625 0.6822916671875 0.794921875 0.6545138890625 0.8193359375 0.6076388890625 0.8251953125 0.6006944437499999 0.8291015625 0.6006944437499999 0.833984375 0.5920138890625 0.833984375 0.5850694437499999 0.8232421875 0.5694444437499999
0 0.9169921875 0.6076388890625 0.8994140625 0.59375 0.8916015625 0.59375 0.8798828125 0.5868055562500001 0.8525390625 0.5868055562500001 0.8505859375 0.590277778125 0.8349609375 0.59375 0.8173828125 0.6111111109375 0.796875 0.6510416671875 0.7890625 0.6822916671875 0.7890625 0.7170138890625 0.796875 0.7517361109375 0.8056640625 0.7673611109375 0.8291015625 0.7881944437499999 0.8525390625 0.7951388890625 0.8544921875 0.7986111109375 0.896484375 0.800347221875 0.9150390625 0.7986111109375 0.91796875 0.793402778125 0.919921875 0.7482638890625 0.92578125 0.7170138890625 0.94921875 0.668402778125 0.947265625 0.6579861109375 0.9306640625 0.625 0.9169921875 0.6076388890625
0 1 0.6302083328125 0.9931640625 0.628472221875 0.9541015625 0.6631944437499999 0.935546875 0.6961805562500001 0.92578125 0.7204861109375 0.92578125 0.7274305562500001 0.921875 0.737847221875 0.921875 0.7482638890625 0.919921875 0.7517361109375 0.919921875 0.796875 0.9296875 0.8350694437499999 0.9482421875 0.8680555562500001 0.9697265625 0.8923611109375 0.9951171875 0.90625 1 0.9045138890625 1 0.6302083328125
0 1 0.578125 0.9970703125 0.5729166671875 0.9833984375 0.559027778125 0.9716796875 0.5520833328125 0.9501953125 0.5486111109375 0.9267578125 0.5625 0.91015625 0.5885416671875 0.908203125 0.5954861109375 0.9208984375 0.6145833328125 0.9267578125 0.6180555562500001 0.943359375 0.6475694437499999 0.9501953125 0.6666666671875 0.953125 0.6649305562500001 0.9619140625 0.652777778125 0.9892578125 0.628472221875 1 0.6232638890625 1 0.578125
0 0.833984375 0.581597221875 0.8369140625 0.590277778125 0.8720703125 0.5833333328125 0.8740234375 0.5868055562500001 0.8837890625 0.5868055562500001 0.9013671875 0.597222221875 0.908203125 0.5954861109375 0.91015625 0.5850694437499999 0.923828125 0.5677083328125 0.923828125 0.5607638890625 0.9111328125 0.5416666671875 0.8955078125 0.53125 0.8662109375 0.534722221875 0.8544921875 0.5451388890625 0.833984375 0.581597221875
0 0.796875 0.550347221875 0.7998046875 0.5555555562500001 0.8134765625 0.559027778125 0.8271484375 0.5729166671875 0.8330078125 0.5833333328125 0.833984375 0.581597221875 0.8544921875 0.5451388890625 0.86328125 0.5364583328125 0.8583984375 0.527777778125 0.8466796875 0.5173611109375 0.8271484375 0.5138888890625 0.8076171875 0.527777778125 0.798828125 0.543402778125 0.796875 0.550347221875