0 0.1123046875 0.5069444437499999 0.0908203125 0.5208333328125 0.08203125 0.5399305562500001 0.103515625 0.5711805562500001 0.1103515625 0.59375 0.1162109375 0.597222221875 0.12109375 0.5954861109375 0.1376953125 0.5694444437499999 0.1533203125 0.5555555562500001 0.1572265625 0.5555555562500001 0.16015625 0.550347221875 0.158203125 0.543402778125 0.1455078125 0.5208333328125 0.1259765625 0.5069444437499999 0.1123046875 0.5069444437499999
0 0.0654296875 0.53125 0.0361328125 0.527777778125 0.0341796875 0.53125 0.0224609375 0.534722221875 0.01171875 0.546875 0.0146484375 0.5555555562500001 0.0302734375 0.565972221875 0.0478515625 0.59375 0.048828125 0.5920138890625 0.0576171875 0.5868055562500001 0.0947265625 0.5868055562500001 0.0966796875 0.590277778125 0.1064453125 0.590277778125 0.107421875 0.5850694437499999 0.1015625 0.5677083328125 0.0869140625 0.5451388890625 0.0654296875 0.53125
0 0.0009765625 0.5486111109375 0 0.6267361109375 0.005859375 0.6267361109375 0.0126953125 0.625 0.0185546875 0.6145833328125 0.0419921875 0.597222221875 0.044921875 0.5885416671875 0.0302734375 0.565972221875 0.0263671875 0.565972221875 0.0126953125 0.5520833328125 0.0009765625 0.5486111109375
0 0 0.9045138890625 0.0087890625 0.90625 0.0107421875 0.909722221875 0.033203125 0.9079861109375 0.0595703125 0.902777778125 0.0888671875 0.878472221875 0.0966796875 0.8645833328125001 0.1044921875 0.8576388890625 0.115234375 0.8350694437499999 0.119140625 0.8177083328125001 0.119140625 0.7586805562500001 0.115234375 0.737847221875 0.1015625 0.6961805562500001 0.0830078125 0.6631944437499999 0.0712890625 0.6493055562500001 0.0439453125 0.628472221875 0.0107421875 0.625 0.0087890625 0.628472221875 0 0.6302083328125 0 0.9045138890625
0 0.0927734375 0.590277778125 0.0908203125 0.5868055562500001 0.0595703125 0.5868055562500001 0.0302734375 0.6041666671875 0.017578125 0.6197916671875 0.0185546875 0.625 0.0458984375 0.628472221875 0.0693359375 0.6458333328125 0.0908203125 0.6736111109375 0.10546875 0.703125 0.1201171875 0.7569444437499999 0.1240234375 0.7604166671875 0.1318359375 0.7604166671875 0.1337890625 0.7569444437499999 0.14453125 0.7586805562500001 0.162109375 0.7204861109375 0.162109375 0.6961805562500001 0.16015625 0.6927083328125 0.158203125 0.671875 0.1484375 0.640625 0.1279296875 0.6076388890625 0.1025390625 0.590277778125 0.0927734375 0.590277778125
0 0.1845703125 0.5520833328125 0.1826171875 0.5486111109375 0.1787109375 0.5520833328125 0.1728515625 0.5486111109375 0.1708984375 0.5520833328125 0.1552734375 0.5555555562500001 0.1357421875 0.5729166671875 0.123046875 0.5954861109375 0.123046875 0.6024305562500001 0.1318359375 0.6145833328125 0.1376953125 0.6180555562500001 0.15234375 0.6475694437499999 0.16015625 0.6788194437499999 0.162109375 0.706597221875 0.1650390625 0.7118055562500001 0.166015625 0.7100694437499999 0.1884765625 0.6701388890625 0.2060546875 0.6493055562500001 0.2255859375 0.6354166671875 0.24609375 0.6302083328125 0.2421875 0.609375 0.2275390625 0.5798611109375 0.2080078125 0.559027778125 0.1845703125 0.5520833328125
0 0.2060546875 0.527777778125 0.2041015625 0.53125 0.1904296875 0.534722221875 0.1796875 0.546875 0.1845703125 0.5520833328125 0.2080078125 0.559027778125 0.2197265625 0.5694444437499999 0.23828125 0.5989583328125 0.2490234375 0.6319444437499999 0.2578125 0.6302083328125 0.259765625 0.6267361109375 0.259765625 0.5954861109375 0.255859375 0.574652778125 0.251953125 0.5642361109375 0.2353515625 0.5381944437499999 0.2177734375 0.53125 0.2158203125 0.527777778125 0.2060546875 0.527777778125
0 0.2431640625 0.5104166671875 0.2333984375 0.5173611109375 0.2265625 0.5329861109375 0.2412109375 0.5451388890625 0.25390625 0.5677083328125 0.259765625 0.5920138890625 0.259765625 0.609375 0.26171875 0.612847221875 0.259765625 0.6163194437499999 0.259765625 0.6267361109375 0.2626953125 0.6319444437499999 0.27734375 0.6336805562500001 0.28515625 0.6197916671875 0.291015625 0.5989583328125 0.296875 0.5885416671875 0.296875 0.5677083328125 0.291015625 0.543402778125 0.2802734375 0.5243055562500001 0.2646484375 0.5104166671875 0.2431640625 0.5104166671875
0 0.3076171875 0.659722221875 0.2724609375 0.6354166671875 0.2607421875 0.6354166671875 0.2587890625 0.6319444437499999 0.2236328125 0.6388888890625 0.1982421875 0.659722221875 0.1904296875 0.6701388890625 0.1640625 0.7170138890625 0.150390625 0.7517361109375 0.140625 0.7864583328125 0.140625 0.796875 0.13671875 0.8142361109375 0.13671875 0.855902778125 0.140625 0.8732638890625 0.1591796875 0.9131944437499999 0.1630859375 0.9166666671874999 0.306640625 0.9149305562500001 0.3154296875 0.9131944437499999 0.3291015625 0.8993055562500001 0.349609375 0.859375 0.357421875 0.828125 0.357421875 0.7829861109375 0.34375 0.7239583328125 0.330078125 0.6927083328125 0.3076171875 0.659722221875
0 0.41015625 0.6510416671875 0.408203125 0.640625 0.3974609375 0.621527778125 0.3818359375 0.597222221875 0.3662109375 0.5833333328125 0.3310546875 0.5798611109375 0.3291015625 0.5833333328125 0.3212890625 0.5833333328125 0.3037109375 0.597222221875 0.2900390625 0.6145833328125 0.279296875 0.637152778125 0.2822265625 0.6423611109375 0.2919921875 0.6458333328125 0.3115234375 0.6631944437499999 0.3193359375 0.6736111109375 0.333984375 0.699652778125 0.345703125 0.7274305562500001 0.353515625 0.7586805562500001 0.35546875 0.7760416671875 0.3603515625 0.784722221875 0.365234375 0.7829861109375 0.3857421875 0.78125 0.3955078125 0.7673611109375 0.4072265625 0.7638888890625 0.41796875 0.7447916671875 0.423828125 0.7135416671875 0.423828125 0.699652778125 0.4140625 0.6579861109375 0.41015625 0.6510416671875
0 0.3173828125 0.5625 0.3076171875 0.5694444437499999 0.29296875 0.5954861109375 0.287109375 0.612847221875 0.2880859375 0.6180555562500001 0.2919921875 0.6145833328125 0.2978515625 0.6041666671875 0.3154296875 0.5868055562500001 0.3212890625 0.5868055562500001 0.3310546875 0.5798611109375 0.3544921875 0.5798611109375 0.3564453125 0.5833333328125 0.3662109375 0.5833333328125 0.3798828125 0.59375 0.3955078125 0.6180555562500001 0.3994140625 0.628472221875 0.404296875 0.6267361109375 0.3984375 0.5989583328125 0.392578125 0.5850694437499999 0.3798828125 0.565972221875 0.3662109375 0.5520833328125 0.3447265625 0.5486111109375 0.3427734375 0.5451388890625 0.3251953125 0.5520833328125 0.3173828125 0.5625
0 0.3447265625 0.5486111109375 0.3583984375 0.5486111109375 0.3798828125 0.565972221875 0.3984375 0.5989583328125 0.404296875 0.6302083328125 0.4091796875 0.6388888890625 0.41015625 0.637152778125 0.416015625 0.6232638890625 0.416015625 0.5954861109375 0.408203125 0.5677083328125 0.3974609375 0.5486111109375 0.3779296875 0.53125 0.3544921875 0.53125 0.341796875 0.543402778125 0.3447265625 0.5486111109375
0 0.4072265625 0.5138888890625 0.4013671875 0.5208333328125 0.3974609375 0.5208333328125 0.388671875 0.5364583328125 0.41015625 0.5711805562500001 0.416015625 0.5920138890625 0.416015625 0.6197916671875 0.4189453125 0.625 0.439453125 0.6267361109375 0.4482421875 0.625 0.458984375 0.609375 0.4609375 0.5850694437499999 0.455078125 0.5538194437499999 0.451171875 0.543402778125 0.4384765625 0.5243055562500001 0.4248046875 0.5138888890625 0.4072265625 0.5138888890625
0 0.775390625 0.7899305562500001 0.7734375 0.769097221875 0.7578125 0.7204861109375 0.7412109375 0.690972221875 0.7255859375 0.6701388890625 0.7060546875 0.652777778125 0.6943359375 0.6493055562500001 0.6865234375 0.6423611109375 0.6533203125 0.6423611109375 0.6513671875 0.6458333328125 0.6396484375 0.6458333328125 0.6376953125 0.6493055562500001 0.6259765625 0.652777778125 0.6064453125 0.6736111109375 0.58984375 0.706597221875 0.576171875 0.7586805562500001 0.576171875 0.8177083328125001 0.578125 0.8211805562500001 0.580078125 0.8420138890625 0.591796875 0.8767361109375 0.6103515625 0.90625 0.6220703125 0.909722221875 0.6240234375 0.9131944437499999 0.6494140625 0.9166666671874999 0.6513671875 0.9201388890625 0.720703125 0.918402778125 0.7314453125 0.90625 0.7470703125 0.902777778125 0.7587890625 0.8958333328125001 0.775390625 0.855902778125 0.77734375 0.824652778125 0.779296875 0.8211805562500001 0.77734375 0.793402778125 0.775390625 0.7899305562500001
0 0.6923828125 0.6458333328125 0.693359375 0.637152778125 0.689453125 0.6267361109375 0.6767578125 0.6076388890625 0.6533203125 0.5868055562500001 0.6240234375 0.5798611109375 0.6220703125 0.5833333328125 0.6123046875 0.5833333328125 0.5888671875 0.6006944437499999 0.572265625 0.6267361109375 0.560546875 0.668402778125 0.560546875 0.6892361109375 0.55859375 0.6927083328125 0.560546875 0.703125 0.560546875 0.7274305562500001 0.564453125 0.734375 0.56640625 0.7517361109375 0.5712890625 0.7604166671875 0.576171875 0.7586805562500001 0.580078125 0.737847221875 0.591796875 0.699652778125 0.6142578125 0.6631944437499999 0.6298828125 0.6493055562500001 0.6455078125 0.6458333328125 0.6474609375 0.6423611109375 0.6865234375 0.6423611109375 0.6923828125 0.6458333328125
0 0.6220703125 0.5798611109375 0.650390625 0.5850694437499999 0.6396484375 0.5694444437499999 0.6279296875 0.559027778125 0.6064453125 0.559027778125 0.6044921875 0.5555555562500001 0.5791015625 0.565972221875 0.5654296875 0.5798611109375 0.546875 0.6163194437499999 0.541015625 0.644097221875 0.541015625 0.668402778125 0.544921875 0.6788194437499999 0.544921875 0.6857638890625 0.5517578125 0.6979166671875 0.5556640625 0.7013888890625 0.55859375 0.699652778125 0.560546875 0.6649305562500001 0.564453125 0.6545138890625 0.564453125 0.6475694437499999 0.572265625 0.6267361109375 0.5849609375 0.6041666671875 0.6044921875 0.5868055562500001 0.6201171875 0.5833333328125 0.6220703125 0.5798611109375
0 0.5888671875 0.5381944437499999 0.5830078125 0.5381944437499999 0.5810546875 0.534722221875 0.5556640625 0.5381944437499999 0.5380859375 0.5520833328125 0.51953125 0.5850694437499999 0.513671875 0.612847221875 0.515625 0.6302083328125 0.5244140625 0.652777778125 0.5322265625 0.659722221875 0.541015625 0.6579861109375 0.541015625 0.644097221875 0.55078125 0.605902778125 0.5673828125 0.5763888890625 0.5908203125 0.559027778125 0.5986328125 0.559027778125 0.6015625 0.5538194437499999 0.5986328125 0.5486111109375 0.5888671875 0.5381944437499999
0 0.5673828125 0.5173611109375 0.5654296875 0.5138888890625 0.5478515625 0.5173611109375 0.5361328125 0.527777778125 0.52734375 0.543402778125 0.51953125 0.574652778125 0.5205078125 0.5798611109375 0.5234375 0.578125 0.5380859375 0.5520833328125 0.5556640625 0.5381944437499999 0.5791015625 0.534722221875 0.5810546875 0.5381944437499999 0.59375 0.5399305562500001 0.5830078125 0.5243055562500001 0.5732421875 0.5173611109375 0.5673828125 0.5173611109375
0 0.6708984375 0.527777778125 0.662109375 0.5399305562500001 0.65234375 0.5642361109375 0.650390625 0.574652778125 0.650390625 0.581597221875 0.6533203125 0.5868055562500001 0.6748046875 0.6041666671875 0.6923828125 0.6319444437499999 0.693359375 0.6302083328125 0.693359375 0.5954861109375 0.697265625 0.574652778125 0.7138671875 0.5416666671875 0.720703125 0.5364583328125 0.7177734375 0.527777778125 0.7041015625 0.5173611109375 0.6865234375 0.5173611109375 0.6708984375 0.527777778125
0 0.7548828125 0.527777778125 0.7314453125 0.527777778125 0.7119140625 0.5451388890625 0.697265625 0.574652778125 0.6953125 0.5954861109375 0.693359375 0.5989583328125 0.693359375 0.6197916671875 0.697265625 0.640625 0.7099609375 0.65625 0.7138671875 0.65625 0.7197265625 0.6631944437499999 0.72265625 0.6614583328125 0.724609375 0.6267361109375 0.728515625 0.605902778125 0.7470703125 0.5694444437499999 0.7666015625 0.5520833328125 0.7724609375 0.5520833328125 0.7734375 0.546875 0.7685546875 0.5381944437499999 0.7548828125 0.527777778125
0 1 0.6267361109375 0.9970703125 0.625 0.9658203125 0.6493055562500001 0.9541015625 0.6631944437499999 0.935546875 0.6961805562500001 0.927734375 0.7170138890625 0.927734375 0.7239583328125 0.921875 0.7447916671875 0.921875 0.7552083328125 0.919921875 0.7586805562500001 0.919921875 0.7899305562500001 0.9296875 0.831597221875 0.9443359375 0.8611111109375 0.9521484375 0.8680555562500001 0.9580078125 0.878472221875 0.9775390625 0.8958333328125001 0.9951171875 0.90625 1 0.9045138890625 1 0.6267361109375
0 0.94921875 0.6614583328125 0.939453125 0.637152778125 0.9130859375 0.6006944437499999 0.8896484375 0.5868055562500001 0.8603515625 0.5833333328125 0.8583984375 0.5868055562500001 0.8388671875 0.590277778125 0.8193359375 0.6076388890625 0.806640625 0.6336805562500001 0.802734375 0.637152778125 0.791015625 0.675347221875 0.7890625 0.7135416671875 0.796875 0.7482638890625 0.8154296875 0.777777778125 0.8330078125 0.7881944437499999 0.8388671875 0.7881944437499999 0.8564453125 0.7986111109375 0.90234375 0.796875 0.91796875 0.793402778125 0.919921875 0.7864583328125 0.919921875 0.7552083328125 0.921875 0.7517361109375 0.923828125 0.730902778125 0.9375 0.6892361109375 0.94921875 0.668402778125 0.94921875 0.6614583328125
0 0.8212890625 0.565972221875 0.8076171875 0.5555555562500001 0.7919921875 0.5520833328125 0.7900390625 0.5486111109375 0.7666015625 0.5520833328125 0.7470703125 0.5694444437499999 0.732421875 0.5954861109375 0.724609375 0.6267361109375 0.724609375 0.6510416671875 0.72265625 0.6614583328125 0.7255859375 0.6701388890625 0.7431640625 0.690972221875 0.7568359375 0.715277778125 0.7607421875 0.71875 0.7890625 0.7204861109375 0.7890625 0.6857638890625 0.794921875 0.6579861109375 0.798828125 0.6510416671875 0.80078125 0.640625 0.8212890625 0.6041666671875 0.833984375 0.5920138890625 0.833984375 0.5850694437499999 0.8212890625 0.565972221875
0 0.798828125 0.550347221875 0.8017578125 0.5555555562500001 0.8193359375 0.5625 0.8310546875 0.5798611109375 0.8359375 0.578125 0.8544921875 0.5451388890625 0.86328125 0.5364583328125 0.8603515625 0.527777778125 0.8427734375 0.5138888890625 0.8251953125 0.5138888890625 0.8076171875 0.527777778125 0.798828125 0.543402778125 0.798828125 0.550347221875
0 0.8544921875 0.5451388890625 0.8359375 0.578125 0.8369140625 0.590277778125 0.8564453125 0.5868055562500001 0.8583984375 0.5833333328125 0.8779296875 0.5833333328125 0.8798828125 0.5868055562500001 0.8916015625 0.5868055562500001 0.9013671875 0.59375 0.908203125 0.5920138890625 0.91015625 0.5850694437499999 0.923828125 0.5642361109375 0.923828125 0.5572916671875 0.9130859375 0.5416666671875 0.8994140625 0.53125 0.8720703125 0.53125 0.8662109375 0.534722221875 0.8544921875 0.5451388890625
0 0.912109375 0.581597221875 0.91015625 0.5954861109375 0.9306640625 0.621527778125 0.94140625 0.640625 0.9501953125 0.6631944437499999 0.955078125 0.6614583328125 0.9638671875 0.6493055562500001 0.9794921875 0.6354166671875 1 0.6232638890625 0.9990234375 0.5729166671875 0.9755859375 0.5520833328125 0.9462890625 0.5486111109375 0.9287109375 0.559027778125 0.912109375 0.581597221875